cities_B1 = range(1,46)

posn_B1 = {
	 1 : (18121.6052, 40753.8693),
	 2 : (19140.8, 39852.4608),
	 3 : (20582.7273, 39970.2513),
	 4 : (21043.4356, 40718.8826),
	 5 : (18679.3541, 36795.0141),
	 6 : (18438.9791, 42158.0124),
	 7 : (20081.6974, 45214.5479),
	 8 : (26522.9883, 47854.1998),
	 9 : (29807.2655, 39105.772),
	 10 : (29649.8988, 36994.433),
	 11 : (29578.4408, 34980.8638),
	 12 : (28640.656, 31401.6698),
	 13 : (29930.7674, 31025.9016),
	 14 : (34107.1526, 35291.0164),
	 15 : (28691.2451, 35538.768),
	 16 : (25959.4046, 33817.7525),
	 17 : (22896.0731, 31346.4085),
	 18 : (26678.3445, 27555.0595),
	 19 : (20666.0676, 38266.7899),
	 20 : (23985.5297, 34777.1434),
	 21 : (28499.9628, 32877.5173),
	 22 : (30126.0006, 31805.9862),
	 23 : (30172.6259, 29100.1876),
	 24 : (29238.9683, 29686.5359),
	 25 : (32293.7994, 33750.9518),
	 26 : (37421.7438, 35214.6804),
	 27 : (39698.5276, 36406.0143),
	 28 : (40445.4297, 37266.9909),
	 29 : (38757.952, 34024.7048),
	 30 : (35782.9553, 33560.0776),
	 31 : (27298.9575, 29846.251),
	 32 : (24946.8083, 30804.6785),
	 33 : (20430.06, 33026.6075),
	 34 : (12864.9592, 35529.4973),
	 35 : (10756.3543, 34438.2764),
	 36 : (8772.8552, 33530.3675),
	 37 : (7495.531, 33698.6818),
	 38 : (6138.3115, 35848.0658),
	 39 : (42270.6232, 35193.6223),
	 40 : (45254.8614, 37711.015),
	 41 : (31157.0712, 33517.6089),
	 42 : (32173.3186, 35706.3794),
	 43 : (34572.8759, 39256.1311),
	 44 : (34918.274, 41512.1277),
	 45 : (35651.3846, 42933.2694),
}
	
dist_B1 = {
	(1,2) : 13,
	(1,3) : 25,
	(1,4) : 29,
	(1,5) : 39,
	(1,6) : 14,
	(1,7) : 48,
	(1,8) : 109,
	(1,9) : 118,
	(1,10) : 121,
	(1,11) : 128,
	(1,12) : 140,
	(1,13) : 152,
	(1,14) : 168,
	(1,15) : 117,
	(1,16) : 104,
	(1,17) : 105,
	(1,18) : 157,
	(1,19) : 35,
	(1,20) : 83,
	(1,21) : 130,
	(1,22) : 149,
	(1,23) : 167,
	(1,24) : 156,
	(1,25) : 158,
	(1,26) : 200,
	(1,27) : 220,
	(1,28) : 225,
	(1,29) : 217,
	(1,30) : 190,
	(1,31) : 142,
	(1,32) : 120,
	(1,33) : 80,
	(1,34) : 74,
	(1,35) : 97,
	(1,36) : 118,
	(1,37) : 127,
	(1,38) : 129,
	(1,39) : 247,
	(1,40) : 273,
	(1,41) : 149,
	(1,42) : 149,
	(1,43) : 165,
	(1,44) : 168,
	(1,45) : 176,
	(2,1) : 13,
	(2,3) : 14,
	(2,4) : 20,
	(2,5) : 30,
	(2,6) : 24,
	(2,7) : 54,
	(2,8) : 108,
	(2,9) : 106,
	(2,10) : 108,
	(2,11) : 115,
	(2,12) : 127,
	(2,13) : 139,
	(2,14) : 156,
	(2,15) : 104,
	(2,16) : 91,
	(2,17) : 92,
	(2,18) : 144,
	(2,19) : 22,
	(2,20) : 70,
	(2,21) : 116,
	(2,22) : 136,
	(2,23) : 154,
	(2,24) : 143,
	(2,25) : 144,
	(2,26) : 188,
	(2,27) : 208,
	(2,28) : 214,
	(2,29) : 204,
	(2,30) : 177,
	(2,31) : 129,
	(2,32) : 107,
	(2,33) : 69,
	(2,34) : 76,
	(2,35) : 99,
	(2,36) : 121,
	(2,37) : 131,
	(2,38) : 136,
	(2,39) : 235,
	(2,40) : 262,
	(2,41) : 135,
	(2,42) : 136,
	(2,43) : 154,
	(2,44) : 158,
	(2,45) : 167,
	(3,1) : 25,
	(3,2) : 14,
	(3,4) : 8,
	(3,5) : 37,
	(3,6) : 30,
	(3,7) : 52,
	(3,8) : 98,
	(3,9) : 92,
	(3,10) : 95,
	(3,11) : 102,
	(3,12) : 117,
	(3,13) : 129,
	(3,14) : 143,
	(3,15) : 92,
	(3,16) : 81,
	(3,17) : 89,
	(3,18) : 138,
	(3,19) : 17,
	(3,20) : 62,
	(3,21) : 106,
	(3,22) : 125,
	(3,23) : 144,
	(3,24) : 134,
	(3,25) : 132,
	(3,26) : 174,
	(3,27) : 194,
	(3,28) : 200,
	(3,29) : 191,
	(3,30) : 164,
	(3,31) : 121,
	(3,32) : 101,
	(3,33) : 69,
	(3,34) : 89,
	(3,35) : 112,
	(3,36) : 134,
	(3,37) : 145,
	(3,38) : 150,
	(3,39) : 222,
	(3,40) : 247,
	(3,41) : 123,
	(3,42) : 123,
	(3,43) : 140,
	(3,44) : 144,
	(3,45) : 153,
	(4,1) : 29,
	(4,2) : 20,
	(4,3) : 8,
	(4,5) : 45,
	(4,6) : 29,
	(4,7) : 45,
	(4,8) : 89,
	(4,9) : 89,
	(4,10) : 93,
	(4,11) : 102,
	(4,12) : 120,
	(4,13) : 131,
	(4,14) : 141,
	(4,15) : 92,
	(4,16) : 84,
	(4,17) : 95,
	(4,18) : 143,
	(4,19) : 24,
	(4,20) : 66,
	(4,21) : 108,
	(4,22) : 127,
	(4,23) : 147,
	(4,24) : 137,
	(4,25) : 132,
	(4,26) : 172,
	(4,27) : 191,
	(4,28) : 197,
	(4,29) : 189,
	(4,30) : 163,
	(4,31) : 125,
	(4,32) : 106,
	(4,33) : 77,
	(4,34) : 96,
	(4,35) : 120,
	(4,36) : 142,
	(4,37) : 152,
	(4,38) : 156,
	(4,39) : 219,
	(4,40) : 243,
	(4,41) : 124,
	(4,42) : 122,
	(4,43) : 136,
	(4,44) : 138,
	(4,45) : 147,
	(5,1) : 39,
	(5,2) : 30,
	(5,3) : 37,
	(5,4) : 45,
	(5,6) : 53,
	(5,7) : 85,
	(5,8) : 135,
	(5,9) : 113,
	(5,10) : 109,
	(5,11) : 110,
	(5,12) : 113,
	(5,13) : 126,
	(5,14) : 155,
	(5,15) : 100,
	(5,16) : 78,
	(5,17) : 68,
	(5,18) : 122,
	(5,19) : 24,
	(5,20) : 56,
	(5,21) : 105,
	(5,22) : 124,
	(5,23) : 138,
	(5,24) : 127,
	(5,25) : 139,
	(5,26) : 188,
	(5,27) : 210,
	(5,28) : 217,
	(5,29) : 202,
	(5,30) : 174,
	(5,31) : 110,
	(5,32) : 86,
	(5,33) : 41,
	(5,34) : 59,
	(5,35) : 82,
	(5,36) : 104,
	(5,37) : 116,
	(5,38) : 125,
	(5,39) : 236,
	(5,40) : 265,
	(5,41) : 129,
	(5,42) : 135,
	(5,43) : 160,
	(5,44) : 169,
	(5,45) : 180,
	(6,1) : 14,
	(6,2) : 24,
	(6,3) : 30,
	(6,4) : 29,
	(6,5) : 53,
	(6,7) : 34,
	(6,8) : 98,
	(6,9) : 117,
	(6,10) : 123,
	(6,11) : 132,
	(6,12) : 148,
	(6,13) : 159,
	(6,14) : 171,
	(6,15) : 122,
	(6,16) : 112,
	(6,17) : 116,
	(6,18) : 167,
	(6,19) : 44,
	(6,20) : 92,
	(6,21) : 136,
	(6,22) : 156,
	(6,23) : 175,
	(6,24) : 164,
	(6,25) : 162,
	(6,26) : 202,
	(6,27) : 220,
	(6,28) : 225,
	(6,29) : 218,
	(6,30) : 193,
	(6,31) : 151,
	(6,32) : 130,
	(6,33) : 93,
	(6,34) : 86,
	(6,35) : 108,
	(6,36) : 129,
	(6,37) : 138,
	(6,38) : 138,
	(6,39) : 248,
	(6,40) : 271,
	(6,41) : 153,
	(6,42) : 151,
	(6,43) : 163,
	(6,44) : 164,
	(6,45) : 172,
	(7,1) : 48,
	(7,2) : 54,
	(7,3) : 52,
	(7,4) : 45,
	(7,5) : 85,
	(7,6) : 34,
	(7,8) : 69,
	(7,9) : 114,
	(7,10) : 126,
	(7,11) : 139,
	(7,12) : 162,
	(7,13) : 172,
	(7,14) : 171,
	(7,15) : 129,
	(7,16) : 128,
	(7,17) : 141,
	(7,18) : 188,
	(7,19) : 69,
	(7,20) : 111,
	(7,21) : 149,
	(7,22) : 167,
	(7,23) : 190,
	(7,24) : 180,
	(7,25) : 167,
	(7,26) : 200,
	(7,27) : 215,
	(7,28) : 218,
	(7,29) : 217,
	(7,30) : 195,
	(7,31) : 169,
	(7,32) : 152,
	(7,33) : 121,
	(7,34) : 120,
	(7,35) : 142,
	(7,36) : 162,
	(7,37) : 170,
	(7,38) : 167,
	(7,39) : 243,
	(7,40) : 262,
	(7,41) : 161,
	(7,42) : 153,
	(7,43) : 156,
	(7,44) : 152,
	(7,45) : 157,
	(8,1) : 109,
	(8,2) : 108,
	(8,3) : 98,
	(8,4) : 89,
	(8,5) : 135,
	(8,6) : 98,
	(8,7) : 69,
	(8,9) : 93,
	(8,10) : 113,
	(8,11) : 132,
	(8,12) : 165,
	(8,13) : 171,
	(8,14) : 146,
	(8,15) : 125,
	(8,16) : 140,
	(8,17) : 169,
	(8,18) : 202,
	(8,19) : 112,
	(8,20) : 133,
	(8,21) : 151,
	(8,22) : 164,
	(8,23) : 191,
	(8,24) : 183,
	(8,25) : 152,
	(8,26) : 166,
	(8,27) : 174,
	(8,28) : 174,
	(8,29) : 184,
	(8,30) : 170,
	(8,31) : 180,
	(8,32) : 171,
	(8,33) : 160,
	(8,34) : 183,
	(8,35) : 207,
	(8,36) : 228,
	(8,37) : 237,
	(8,38) : 236,
	(8,39) : 202,
	(8,40) : 213,
	(8,41) : 150,
	(8,42) : 133,
	(8,43) : 117,
	(8,44) : 105,
	(8,45) : 103,
	(9,1) : 118,
	(9,2) : 106,
	(9,3) : 92,
	(9,4) : 89,
	(9,5) : 113,
	(9,6) : 117,
	(9,7) : 114,
	(9,8) : 93,
	(9,10) : 21,
	(9,11) : 41,
	(9,12) : 77,
	(9,13) : 80,
	(9,14) : 57,
	(9,15) : 37,
	(9,16) : 65,
	(9,17) : 103,
	(9,18) : 119,
	(9,19) : 91,
	(9,20) : 72,
	(9,21) : 63,
	(9,22) : 73,
	(9,23) : 100,
	(9,24) : 94,
	(9,25) : 59,
	(9,26) : 85,
	(9,27) : 102,
	(9,28) : 107,
	(9,29) : 102,
	(9,30) : 81,
	(9,31) : 95,
	(9,32) : 96,
	(9,33) : 111,
	(9,34) : 173,
	(9,35) : 196,
	(9,36) : 217,
	(9,37) : 229,
	(9,38) : 238,
	(9,39) : 130,
	(9,40) : 155,
	(9,41) : 57,
	(9,42) : 41,
	(9,43) : 47,
	(9,44) : 56,
	(9,45) : 69,
	(10,1) : 121,
	(10,2) : 108,
	(10,3) : 95,
	(10,4) : 93,
	(10,5) : 109,
	(10,6) : 123,
	(10,7) : 126,
	(10,8) : 113,
	(10,9) : 21,
	(10,11) : 20,
	(10,12) : 56,
	(10,13) : 59,
	(10,14) : 47,
	(10,15) : 17,
	(10,16) : 48,
	(10,17) : 88,
	(10,18) : 98,
	(10,19) : 90,
	(10,20) : 60,
	(10,21) : 42,
	(10,22) : 52,
	(10,23) : 79,
	(10,24) : 73,
	(10,25) : 41,
	(10,26) : 79,
	(10,27) : 100,
	(10,28) : 107,
	(10,29) : 95,
	(10,30) : 70,
	(10,31) : 75,
	(10,32) : 77,
	(10,33) : 100,
	(10,34) : 168,
	(10,35) : 190,
	(10,36) : 211,
	(10,37) : 223,
	(10,38) : 235,
	(10,39) : 127,
	(10,40) : 156,
	(10,41) : 37,
	(10,42) : 28,
	(10,43) : 54,
	(10,44) : 69,
	(10,45) : 84,
	(11,1) : 128,
	(11,2) : 115,
	(11,3) : 102,
	(11,4) : 102,
	(11,5) : 110,
	(11,6) : 132,
	(11,7) : 139,
	(11,8) : 132,
	(11,9) : 41,
	(11,10) : 20,
	(11,12) : 37,
	(11,13) : 39,
	(11,14) : 45,
	(11,15) : 10,
	(11,16) : 38,
	(11,17) : 76,
	(11,18) : 79,
	(11,19) : 94,
	(11,20) : 55,
	(11,21) : 23,
	(11,22) : 32,
	(11,23) : 59,
	(11,24) : 53,
	(11,25) : 29,
	(11,26) : 78,
	(11,27) : 102,
	(11,28) : 111,
	(11,29) : 92,
	(11,30) : 63,
	(11,31) : 56,
	(11,32) : 62,
	(11,33) : 93,
	(11,34) : 167,
	(11,35) : 188,
	(11,36) : 208,
	(11,37) : 221,
	(11,38) : 234,
	(11,39) : 126,
	(11,40) : 159,
	(11,41) : 21,
	(11,42) : 26,
	(11,43) : 65,
	(11,44) : 84,
	(11,45) : 100,
	(12,1) : 140,
	(12,2) : 127,
	(12,3) : 117,
	(12,4) : 120,
	(12,5) : 113,
	(12,6) : 148,
	(12,7) : 162,
	(12,8) : 165,
	(12,9) : 77,
	(12,10) : 56,
	(12,11) : 37,
	(12,13) : 13,
	(12,14) : 67,
	(12,15) : 41,
	(12,16) : 36,
	(12,17) : 57,
	(12,18) : 43,
	(12,19) : 105,
	(12,20) : 57,
	(12,21) : 14,
	(12,22) : 15,
	(12,23) : 27,
	(12,24) : 18,
	(12,25) : 43,
	(12,26) : 95,
	(12,27) : 121,
	(12,28) : 131,
	(12,29) : 104,
	(12,30) : 74,
	(12,31) : 20,
	(12,32) : 37,
	(12,33) : 83,
	(12,34) : 163,
	(12,35) : 181,
	(12,36) : 199,
	(12,37) : 212,
	(12,38) : 229,
	(12,39) : 141,
	(12,40) : 177,
	(12,41) : 32,
	(12,42) : 55,
	(12,43) : 98,
	(12,44) : 119,
	(12,45) : 134,
	(13,1) : 152,
	(13,2) : 139,
	(13,3) : 129,
	(13,4) : 131,
	(13,5) : 126,
	(13,6) : 159,
	(13,7) : 172,
	(13,8) : 171,
	(13,9) : 80,
	(13,10) : 59,
	(13,11) : 39,
	(13,12) : 13,
	(13,14) : 59,
	(13,15) : 46,
	(13,16) : 48,
	(13,17) : 70,
	(13,18) : 47,
	(13,19) : 117,
	(13,20) : 70,
	(13,21) : 23,
	(13,22) : 8,
	(13,23) : 19,
	(13,24) : 15,
	(13,25) : 36,
	(13,26) : 85,
	(13,27) : 111,
	(13,28) : 122,
	(13,29) : 93,
	(13,30) : 63,
	(13,31) : 28,
	(13,32) : 49,
	(13,33) : 97,
	(13,34) : 176,
	(13,35) : 194,
	(13,36) : 213,
	(13,37) : 225,
	(13,38) : 242,
	(13,39) : 130,
	(13,40) : 167,
	(13,41) : 27,
	(13,42) : 51,
	(13,43) : 94,
	(13,44) : 116,
	(13,45) : 132,
	(14,1) : 168,
	(14,2) : 156,
	(14,3) : 143,
	(14,4) : 141,
	(14,5) : 155,
	(14,6) : 171,
	(14,7) : 171,
	(14,8) : 146,
	(14,9) : 57,
	(14,10) : 47,
	(14,11) : 45,
	(14,12) : 67,
	(14,13) : 59,
	(14,15) : 54,
	(14,16) : 82,
	(14,17) : 118,
	(14,18) : 107,
	(14,19) : 137,
	(14,20) : 101,
	(14,21) : 61,
	(14,22) : 52,
	(14,23) : 73,
	(14,24) : 74,
	(14,25) : 23,
	(14,26) : 33,
	(14,27) : 57,
	(14,28) : 66,
	(14,29) : 48,
	(14,30) : 24,
	(14,31) : 87,
	(14,32) : 101,
	(14,33) : 138,
	(14,34) : 212,
	(14,35) : 233,
	(14,36) : 253,
	(14,37) : 266,
	(14,38) : 279,
	(14,39) : 81,
	(14,40) : 114,
	(14,41) : 34,
	(14,42) : 19,
	(14,43) : 39,
	(14,44) : 62,
	(14,45) : 77,
	(15,1) : 117,
	(15,2) : 104,
	(15,3) : 92,
	(15,4) : 92,
	(15,5) : 100,
	(15,6) : 122,
	(15,7) : 129,
	(15,8) : 125,
	(15,9) : 37,
	(15,10) : 17,
	(15,11) : 10,
	(15,12) : 41,
	(15,13) : 46,
	(15,14) : 54,
	(15,16) : 32,
	(15,17) : 71,
	(15,18) : 82,
	(15,19) : 84,
	(15,20) : 47,
	(15,21) : 26,
	(15,22) : 39,
	(15,23) : 66,
	(15,24) : 58,
	(15,25) : 40,
	(15,26) : 87,
	(15,27) : 110,
	(15,28) : 118,
	(15,29) : 101,
	(15,30) : 73,
	(15,31) : 58,
	(15,32) : 60,
	(15,33) : 86,
	(15,34) : 158,
	(15,35) : 179,
	(15,36) : 200,
	(15,37) : 212,
	(15,38) : 225,
	(15,39) : 135,
	(15,40) : 167,
	(15,41) : 31,
	(15,42) : 34,
	(15,43) : 69,
	(15,44) : 86,
	(15,45) : 101,
	(16,1) : 104,
	(16,2) : 91,
	(16,3) : 81,
	(16,4) : 84,
	(16,5) : 78,
	(16,6) : 112,
	(16,7) : 128,
	(16,8) : 140,
	(16,9) : 65,
	(16,10) : 48,
	(16,11) : 38,
	(16,12) : 36,
	(16,13) : 48,
	(16,14) : 82,
	(16,15) : 32,
	(16,17) : 39,
	(16,18) : 63,
	(16,19) : 69,
	(16,20) : 21,
	(16,21) : 27,
	(16,22) : 46,
	(16,23) : 63,
	(16,24) : 52,
	(16,25) : 63,
	(16,26) : 115,
	(16,27) : 139,
	(16,28) : 148,
	(16,29) : 128,
	(16,30) : 98,
	(16,31) : 41,
	(16,32) : 31,
	(16,33) : 55,
	(16,34) : 132,
	(16,35) : 152,
	(16,36) : 171,
	(16,37) : 184,
	(16,38) : 199,
	(16,39) : 163,
	(16,40) : 196,
	(16,41) : 52,
	(16,42) : 64,
	(16,43) : 101,
	(16,44) : 118,
	(16,45) : 133,
	(17,1) : 105,
	(17,2) : 92,
	(17,3) : 89,
	(17,4) : 95,
	(17,5) : 68,
	(17,6) : 116,
	(17,7) : 141,
	(17,8) : 169,
	(17,9) : 103,
	(17,10) : 88,
	(17,11) : 76,
	(17,12) : 57,
	(17,13) : 70,
	(17,14) : 118,
	(17,15) : 71,
	(17,16) : 39,
	(17,18) : 53,
	(17,19) : 72,
	(17,20) : 35,
	(17,21) : 58,
	(17,22) : 72,
	(17,23) : 76,
	(17,24) : 65,
	(17,25) : 97,
	(17,26) : 150,
	(17,27) : 175,
	(17,28) : 185,
	(17,29) : 160,
	(17,30) : 130,
	(17,31) : 46,
	(17,32) : 21,
	(17,33) : 29,
	(17,34) : 108,
	(17,35) : 125,
	(17,36) : 142,
	(17,37) : 155,
	(17,38) : 173,
	(17,39) : 197,
	(17,40) : 232,
	(17,41) : 85,
	(17,42) : 102,
	(17,43) : 141,
	(17,44) : 157,
	(17,45) : 172,
	(18,1) : 157,
	(18,2) : 144,
	(18,3) : 138,
	(18,4) : 143,
	(18,5) : 122,
	(18,6) : 167,
	(18,7) : 188,
	(18,8) : 202,
	(18,9) : 119,
	(18,10) : 98,
	(18,11) : 79,
	(18,12) : 43,
	(18,13) : 47,
	(18,14) : 107,
	(18,15) : 82,
	(18,16) : 63,
	(18,17) : 53,
	(18,19) : 122,
	(18,20) : 77,
	(18,21) : 56,
	(18,22) : 54,
	(18,23) : 38,
	(18,24) : 33,
	(18,25) : 83,
	(18,26) : 131,
	(18,27) : 157,
	(18,28) : 168,
	(18,29) : 137,
	(18,30) : 109,
	(18,31) : 23,
	(18,32) : 36,
	(18,33) : 83,
	(18,34) : 159,
	(18,35) : 173,
	(18,36) : 188,
	(18,37) : 201,
	(18,38) : 221,
	(18,39) : 173,
	(18,40) : 211,
	(18,41) : 74,
	(18,42) : 98,
	(18,43) : 141,
	(18,44) : 162,
	(18,45) : 178,
	(19,1) : 35,
	(19,2) : 22,
	(19,3) : 17,
	(19,4) : 24,
	(19,5) : 24,
	(19,6) : 44,
	(19,7) : 69,
	(19,8) : 112,
	(19,9) : 91,
	(19,10) : 90,
	(19,11) : 94,
	(19,12) : 105,
	(19,13) : 117,
	(19,14) : 137,
	(19,15) : 84,
	(19,16) : 69,
	(19,17) : 72,
	(19,18) : 122,
	(19,20) : 48,
	(19,21) : 95,
	(19,22) : 114,
	(19,23) : 132,
	(19,24) : 121,
	(19,25) : 124,
	(19,26) : 170,
	(19,27) : 191,
	(19,28) : 198,
	(19,29) : 185,
	(19,30) : 158,
	(19,31) : 107,
	(19,32) : 86,
	(19,33) : 52,
	(19,34) : 82,
	(19,35) : 106,
	(19,36) : 128,
	(19,37) : 139,
	(19,38) : 147,
	(19,39) : 218,
	(19,40) : 245,
	(19,41) : 115,
	(19,42) : 117,
	(19,43) : 139,
	(19,44) : 146,
	(19,45) : 156,
	(20,1) : 83,
	(20,2) : 70,
	(20,3) : 62,
	(20,4) : 66,
	(20,5) : 56,
	(20,6) : 92,
	(20,7) : 111,
	(20,8) : 133,
	(20,9) : 72,
	(20,10) : 60,
	(20,11) : 55,
	(20,12) : 57,
	(20,13) : 70,
	(20,14) : 101,
	(20,15) : 47,
	(20,16) : 21,
	(20,17) : 35,
	(20,18) : 77,
	(20,19) : 48,
	(20,21) : 48,
	(20,22) : 68,
	(20,23) : 83,
	(20,24) : 73,
	(20,25) : 83,
	(20,26) : 134,
	(20,27) : 157,
	(20,28) : 166,
	(20,29) : 147,
	(20,30) : 118,
	(20,31) : 59,
	(20,32) : 40,
	(20,33) : 39,
	(20,34) : 111,
	(20,35) : 132,
	(20,36) : 152,
	(20,37) : 165,
	(20,38) : 178,
	(20,39) : 182,
	(20,40) : 214,
	(20,41) : 72,
	(20,42) : 82,
	(20,43) : 114,
	(20,44) : 128,
	(20,45) : 142,
	(21,1) : 130,
	(21,2) : 116,
	(21,3) : 106,
	(21,4) : 108,
	(21,5) : 105,
	(21,6) : 136,
	(21,7) : 149,
	(21,8) : 151,
	(21,9) : 63,
	(21,10) : 42,
	(21,11) : 23,
	(21,12) : 14,
	(21,13) : 23,
	(21,14) : 61,
	(21,15) : 26,
	(21,16) : 27,
	(21,17) : 58,
	(21,18) : 56,
	(21,19) : 95,
	(21,20) : 48,
	(21,22) : 19,
	(21,23) : 41,
	(21,24) : 32,
	(21,25) : 38,
	(21,26) : 92,
	(21,27) : 117,
	(21,28) : 127,
	(21,29) : 103,
	(21,30) : 73,
	(21,31) : 32,
	(21,32) : 41,
	(21,33) : 80,
	(21,34) : 158,
	(21,35) : 178,
	(21,36) : 197,
	(21,37) : 210,
	(21,38) : 225,
	(21,39) : 139,
	(21,40) : 174,
	(21,41) : 27,
	(21,42) : 46,
	(21,43) : 88,
	(21,44) : 107,
	(21,45) : 123,
	(22,1) : 149,
	(22,2) : 136,
	(22,3) : 125,
	(22,4) : 127,
	(22,5) : 124,
	(22,6) : 156,
	(22,7) : 167,
	(22,8) : 164,
	(22,9) : 73,
	(22,10) : 52,
	(22,11) : 32,
	(22,12) : 15,
	(22,13) : 8,
	(22,14) : 52,
	(22,15) : 39,
	(22,16) : 46,
	(22,17) : 72,
	(22,18) : 54,
	(22,19) : 114,
	(22,20) : 68,
	(22,21) : 19,
	(22,23) : 27,
	(22,24) : 22,
	(22,25) : 29,
	(22,26) : 80,
	(22,27) : 106,
	(22,28) : 116,
	(22,29) : 89,
	(22,30) : 59,
	(22,31) : 34,
	(22,32) : 52,
	(22,33) : 97,
	(22,34) : 176,
	(22,35) : 195,
	(22,36) : 214,
	(22,37) : 227,
	(22,38) : 243,
	(22,39) : 126,
	(22,40) : 162,
	(22,41) : 19,
	(22,42) : 44,
	(22,43) : 86,
	(22,44) : 108,
	(22,45) : 124,
	(23,1) : 167,
	(23,2) : 154,
	(23,3) : 144,
	(23,4) : 147,
	(23,5) : 138,
	(23,6) : 175,
	(23,7) : 190,
	(23,8) : 191,
	(23,9) : 100,
	(23,10) : 79,
	(23,11) : 59,
	(23,12) : 27,
	(23,13) : 19,
	(23,14) : 73,
	(23,15) : 66,
	(23,16) : 63,
	(23,17) : 76,
	(23,18) : 38,
	(23,19) : 132,
	(23,20) : 83,
	(23,21) : 41,
	(23,22) : 27,
	(23,24) : 11,
	(23,25) : 51,
	(23,26) : 94,
	(23,27) : 120,
	(23,28) : 131,
	(23,29) : 98,
	(23,30) : 71,
	(23,31) : 29,
	(23,32) : 54,
	(23,33) : 105,
	(23,34) : 184,
	(23,35) : 201,
	(23,36) : 218,
	(23,37) : 231,
	(23,38) : 249,
	(23,39) : 135,
	(23,40) : 173,
	(23,41) : 45,
	(23,42) : 69,
	(23,43) : 110,
	(23,44) : 132,
	(23,45) : 148,
	(24,1) : 156,
	(24,2) : 143,
	(24,3) : 134,
	(24,4) : 137,
	(24,5) : 127,
	(24,6) : 164,
	(24,7) : 180,
	(24,8) : 183,
	(24,9) : 94,
	(24,10) : 73,
	(24,11) : 53,
	(24,12) : 18,
	(24,13) : 15,
	(24,14) : 74,
	(24,15) : 58,
	(24,16) : 52,
	(24,17) : 65,
	(24,18) : 33,
	(24,19) : 121,
	(24,20) : 73,
	(24,21) : 32,
	(24,22) : 22,
	(24,23) : 11,
	(24,25) : 50,
	(24,26) : 98,
	(24,27) : 124,
	(24,28) : 135,
	(24,29) : 104,
	(24,30) : 76,
	(24,31) : 19,
	(24,32) : 44,
	(24,33) : 94,
	(24,34) : 173,
	(24,35) : 190,
	(24,36) : 208,
	(24,37) : 221,
	(24,38) : 239,
	(24,39) : 141,
	(24,40) : 179,
	(24,41) : 42,
	(24,42) : 66,
	(24,43) : 109,
	(24,44) : 131,
	(24,45) : 147,
	(25,1) : 158,
	(25,2) : 144,
	(25,3) : 132,
	(25,4) : 132,
	(25,5) : 139,
	(25,6) : 162,
	(25,7) : 167,
	(25,8) : 152,
	(25,9) : 59,
	(25,10) : 41,
	(25,11) : 29,
	(25,12) : 43,
	(25,13) : 36,
	(25,14) : 23,
	(25,15) : 40,
	(25,16) : 63,
	(25,17) : 97,
	(25,18) : 83,
	(25,19) : 124,
	(25,20) : 83,
	(25,21) : 38,
	(25,22) : 29,
	(25,23) : 51,
	(25,24) : 50,
	(25,26) : 53,
	(25,27) : 78,
	(25,28) : 88,
	(25,29) : 64,
	(25,30) : 34,
	(25,31) : 63,
	(25,32) : 79,
	(25,33) : 118,
	(25,34) : 195,
	(25,35) : 215,
	(25,36) : 235,
	(25,37) : 247,
	(25,38) : 262,
	(25,39) : 100,
	(25,40) : 135,
	(25,41) : 11,
	(25,42) : 19,
	(25,43) : 59,
	(25,44) : 81,
	(25,45) : 97,
	(26,1) : 200,
	(26,2) : 188,
	(26,3) : 174,
	(26,4) : 172,
	(26,5) : 188,
	(26,6) : 202,
	(26,7) : 200,
	(26,8) : 166,
	(26,9) : 85,
	(26,10) : 79,
	(26,11) : 78,
	(26,12) : 95,
	(26,13) : 85,
	(26,14) : 33,
	(26,15) : 87,
	(26,16) : 115,
	(26,17) : 150,
	(26,18) : 131,
	(26,19) : 170,
	(26,20) : 134,
	(26,21) : 92,
	(26,22) : 80,
	(26,23) : 94,
	(26,24) : 98,
	(26,25) : 53,
	(26,27) : 25,
	(26,28) : 36,
	(26,29) : 17,
	(26,30) : 23,
	(26,31) : 114,
	(26,32) : 132,
	(26,33) : 171,
	(26,34) : 245,
	(26,35) : 266,
	(26,36) : 286,
	(26,37) : 299,
	(26,38) : 312,
	(26,39) : 48,
	(26,40) : 82,
	(26,41) : 64,
	(26,42) : 52,
	(26,43) : 49,
	(26,44) : 67,
	(26,45) : 79,
	(27,1) : 220,
	(27,2) : 208,
	(27,3) : 194,
	(27,4) : 191,
	(27,5) : 210,
	(27,6) : 220,
	(27,7) : 215,
	(27,8) : 174,
	(27,9) : 102,
	(27,10) : 100,
	(27,11) : 102,
	(27,12) : 121,
	(27,13) : 111,
	(27,14) : 57,
	(27,15) : 110,
	(27,16) : 139,
	(27,17) : 175,
	(27,18) : 157,
	(27,19) : 191,
	(27,20) : 157,
	(27,21) : 117,
	(27,22) : 106,
	(27,23) : 120,
	(27,24) : 124,
	(27,25) : 78,
	(27,26) : 25,
	(27,28) : 11,
	(27,29) : 25,
	(27,30) : 48,
	(27,31) : 140,
	(27,32) : 157,
	(27,33) : 195,
	(27,34) : 268,
	(27,35) : 290,
	(27,36) : 310,
	(27,37) : 323,
	(27,38) : 335,
	(27,39) : 28,
	(27,40) : 57,
	(27,41) : 90,
	(27,42) : 75,
	(27,43) : 58,
	(27,44) : 69,
	(27,45) : 76,
	(28,1) : 225,
	(28,2) : 214,
	(28,3) : 200,
	(28,4) : 197,
	(28,5) : 217,
	(28,6) : 225,
	(28,7) : 218,
	(28,8) : 174,
	(28,9) : 107,
	(28,10) : 107,
	(28,11) : 111,
	(28,12) : 131,
	(28,13) : 122,
	(28,14) : 66,
	(28,15) : 118,
	(28,16) : 148,
	(28,17) : 185,
	(28,18) : 168,
	(28,19) : 198,
	(28,20) : 166,
	(28,21) : 127,
	(28,22) : 116,
	(28,23) : 131,
	(28,24) : 135,
	(28,25) : 88,
	(28,26) : 36,
	(28,27) : 11,
	(28,29) : 36,
	(28,30) : 59,
	(28,31) : 150,
	(28,32) : 167,
	(28,33) : 204,
	(28,34) : 276,
	(28,35) : 298,
	(28,36) : 318,
	(28,37) : 331,
	(28,38) : 343,
	(28,39) : 27,
	(28,40) : 48,
	(28,41) : 100,
	(28,42) : 84,
	(28,43) : 62,
	(28,44) : 69,
	(28,45) : 74,
	(29,1) : 217,
	(29,2) : 204,
	(29,3) : 191,
	(29,4) : 189,
	(29,5) : 202,
	(29,6) : 218,
	(29,7) : 217,
	(29,8) : 184,
	(29,9) : 102,
	(29,10) : 95,
	(29,11) : 92,
	(29,12) : 104,
	(29,13) : 93,
	(29,14) : 48,
	(29,15) : 101,
	(29,16) : 128,
	(29,17) : 160,
	(29,18) : 137,
	(29,19) : 185,
	(29,20) : 147,
	(29,21) : 103,
	(29,22) : 89,
	(29,23) : 98,
	(29,24) : 104,
	(29,25) : 64,
	(29,26) : 17,
	(29,27) : 25,
	(29,28) : 36,
	(29,30) : 30,
	(29,31) : 121,
	(29,32) : 141,
	(29,33) : 183,
	(29,34) : 259,
	(29,35) : 280,
	(29,36) : 299,
	(29,37) : 312,
	(29,38) : 326,
	(29,39) : 37,
	(29,40) : 74,
	(29,41) : 76,
	(29,42) : 67,
	(29,43) : 66,
	(29,44) : 84,
	(29,45) : 94,
	(30,1) : 190,
	(30,2) : 177,
	(30,3) : 164,
	(30,4) : 163,
	(30,5) : 174,
	(30,6) : 193,
	(30,7) : 195,
	(30,8) : 170,
	(30,9) : 81,
	(30,10) : 70,
	(30,11) : 63,
	(30,12) : 74,
	(30,13) : 63,
	(30,14) : 24,
	(30,15) : 73,
	(30,16) : 98,
	(30,17) : 130,
	(30,18) : 109,
	(30,19) : 158,
	(30,20) : 118,
	(30,21) : 73,
	(30,22) : 59,
	(30,23) : 71,
	(30,24) : 76,
	(30,25) : 34,
	(30,26) : 23,
	(30,27) : 48,
	(30,28) : 59,
	(30,29) : 30,
	(30,31) : 92,
	(30,32) : 111,
	(30,33) : 153,
	(30,34) : 230,
	(30,35) : 250,
	(30,36) : 270,
	(30,37) : 282,
	(30,38) : 297,
	(30,39) : 66,
	(30,40) : 103,
	(30,41) : 46,
	(30,42) : 41,
	(30,43) : 58,
	(30,44) : 79,
	(30,45) : 93,
	(31,1) : 142,
	(31,2) : 129,
	(31,3) : 121,
	(31,4) : 125,
	(31,5) : 110,
	(31,6) : 151,
	(31,7) : 169,
	(31,8) : 180,
	(31,9) : 95,
	(31,10) : 75,
	(31,11) : 56,
	(31,12) : 20,
	(31,13) : 28,
	(31,14) : 87,
	(31,15) : 58,
	(31,16) : 41,
	(31,17) : 46,
	(31,18) : 23,
	(31,19) : 107,
	(31,20) : 59,
	(31,21) : 32,
	(31,22) : 34,
	(31,23) : 29,
	(31,24) : 19,
	(31,25) : 63,
	(31,26) : 114,
	(31,27) : 140,
	(31,28) : 150,
	(31,29) : 121,
	(31,30) : 92,
	(31,32) : 25,
	(31,33) : 75,
	(31,34) : 155,
	(31,35) : 171,
	(31,36) : 188,
	(31,37) : 201,
	(31,38) : 219,
	(31,39) : 158,
	(31,40) : 196,
	(31,41) : 53,
	(31,42) : 76,
	(31,43) : 118,
	(31,44) : 139,
	(31,45) : 155,
	(32,1) : 120,
	(32,2) : 107,
	(32,3) : 101,
	(32,4) : 106,
	(32,5) : 86,
	(32,6) : 130,
	(32,7) : 152,
	(32,8) : 171,
	(32,9) : 96,
	(32,10) : 77,
	(32,11) : 62,
	(32,12) : 37,
	(32,13) : 49,
	(32,14) : 101,
	(32,15) : 60,
	(32,16) : 31,
	(32,17) : 21,
	(32,18) : 36,
	(32,19) : 86,
	(32,20) : 40,
	(32,21) : 41,
	(32,22) : 52,
	(32,23) : 54,
	(32,24) : 44,
	(32,25) : 79,
	(32,26) : 132,
	(32,27) : 157,
	(32,28) : 167,
	(32,29) : 141,
	(32,30) : 111,
	(32,31) : 25,
	(32,33) : 50,
	(32,34) : 129,
	(32,35) : 146,
	(32,36) : 164,
	(32,37) : 176,
	(32,38) : 194,
	(32,39) : 178,
	(32,40) : 214,
	(32,41) : 67,
	(32,42) : 87,
	(32,43) : 128,
	(32,44) : 146,
	(32,45) : 161,
	(33,1) : 80,
	(33,2) : 69,
	(33,3) : 69,
	(33,4) : 77,
	(33,5) : 41,
	(33,6) : 93,
	(33,7) : 121,
	(33,8) : 160,
	(33,9) : 111,
	(33,10) : 100,
	(33,11) : 93,
	(33,12) : 83,
	(33,13) : 97,
	(33,14) : 138,
	(33,15) : 86,
	(33,16) : 55,
	(33,17) : 29,
	(33,18) : 83,
	(33,19) : 52,
	(33,20) : 39,
	(33,21) : 80,
	(33,22) : 97,
	(33,23) : 105,
	(33,24) : 94,
	(33,25) : 118,
	(33,26) : 171,
	(33,27) : 195,
	(33,28) : 204,
	(33,29) : 183,
	(33,30) : 153,
	(33,31) : 75,
	(33,32) : 50,
	(33,34) : 79,
	(33,35) : 97,
	(33,36) : 116,
	(33,37) : 129,
	(33,38) : 145,
	(33,39) : 219,
	(33,40) : 252,
	(33,41) : 107,
	(33,42) : 120,
	(33,43) : 154,
	(33,44) : 167,
	(33,45) : 181,
	(34,1) : 74,
	(34,2) : 76,
	(34,3) : 89,
	(34,4) : 96,
	(34,5) : 59,
	(34,6) : 86,
	(34,7) : 120,
	(34,8) : 183,
	(34,9) : 173,
	(34,10) : 168,
	(34,11) : 167,
	(34,12) : 163,
	(34,13) : 176,
	(34,14) : 212,
	(34,15) : 158,
	(34,16) : 132,
	(34,17) : 108,
	(34,18) : 159,
	(34,19) : 82,
	(34,20) : 111,
	(34,21) : 158,
	(34,22) : 176,
	(34,23) : 184,
	(34,24) : 173,
	(34,25) : 195,
	(34,26) : 245,
	(34,27) : 268,
	(34,28) : 276,
	(34,29) : 259,
	(34,30) : 230,
	(34,31) : 155,
	(34,32) : 129,
	(34,33) : 79,
	(34,35) : 23,
	(34,36) : 45,
	(34,37) : 56,
	(34,38) : 67,
	(34,39) : 294,
	(34,40) : 324,
	(34,41) : 184,
	(34,42) : 193,
	(34,43) : 220,
	(34,44) : 228,
	(34,45) : 239,
	(35,1) : 97,
	(35,2) : 99,
	(35,3) : 112,
	(35,4) : 120,
	(35,5) : 82,
	(35,6) : 108,
	(35,7) : 142,
	(35,8) : 207,
	(35,9) : 196,
	(35,10) : 190,
	(35,11) : 188,
	(35,12) : 181,
	(35,13) : 194,
	(35,14) : 233,
	(35,15) : 179,
	(35,16) : 152,
	(35,17) : 125,
	(35,18) : 173,
	(35,19) : 106,
	(35,20) : 132,
	(35,21) : 178,
	(35,22) : 195,
	(35,23) : 201,
	(35,24) : 190,
	(35,25) : 215,
	(35,26) : 266,
	(35,27) : 290,
	(35,28) : 298,
	(35,29) : 280,
	(35,30) : 250,
	(35,31) : 171,
	(35,32) : 146,
	(35,33) : 97,
	(35,34) : 23,
	(35,36) : 21,
	(35,37) : 33,
	(35,38) : 48,
	(35,39) : 315,
	(35,40) : 346,
	(35,41) : 204,
	(35,42) : 214,
	(35,43) : 242,
	(35,44) : 251,
	(35,45) : 263,
	(36,1) : 118,
	(36,2) : 121,
	(36,3) : 134,
	(36,4) : 142,
	(36,5) : 104,
	(36,6) : 129,
	(36,7) : 162,
	(36,8) : 228,
	(36,9) : 217,
	(36,10) : 211,
	(36,11) : 208,
	(36,12) : 199,
	(36,13) : 213,
	(36,14) : 253,
	(36,15) : 200,
	(36,16) : 171,
	(36,17) : 142,
	(36,18) : 188,
	(36,19) : 128,
	(36,20) : 152,
	(36,21) : 197,
	(36,22) : 214,
	(36,23) : 218,
	(36,24) : 208,
	(36,25) : 235,
	(36,26) : 286,
	(36,27) : 310,
	(36,28) : 318,
	(36,29) : 299,
	(36,30) : 270,
	(36,31) : 188,
	(36,32) : 164,
	(36,33) : 116,
	(36,34) : 45,
	(36,35) : 21,
	(36,37) : 12,
	(36,38) : 35,
	(36,39) : 335,
	(36,40) : 367,
	(36,41) : 223,
	(36,42) : 235,
	(36,43) : 264,
	(36,44) : 273,
	(36,45) : 284,
	(37,1) : 127,
	(37,2) : 131,
	(37,3) : 145,
	(37,4) : 152,
	(37,5) : 116,
	(37,6) : 138,
	(37,7) : 170,
	(37,8) : 237,
	(37,9) : 229,
	(37,10) : 223,
	(37,11) : 221,
	(37,12) : 212,
	(37,13) : 225,
	(37,14) : 266,
	(37,15) : 212,
	(37,16) : 184,
	(37,17) : 155,
	(37,18) : 201,
	(37,19) : 139,
	(37,20) : 165,
	(37,21) : 210,
	(37,22) : 227,
	(37,23) : 231,
	(37,24) : 221,
	(37,25) : 247,
	(37,26) : 299,
	(37,27) : 323,
	(37,28) : 331,
	(37,29) : 312,
	(37,30) : 282,
	(37,31) : 201,
	(37,32) : 176,
	(37,33) : 129,
	(37,34) : 56,
	(37,35) : 33,
	(37,36) : 12,
	(37,38) : 25,
	(37,39) : 348,
	(37,40) : 379,
	(37,41) : 236,
	(37,42) : 247,
	(37,43) : 276,
	(37,44) : 285,
	(37,45) : 296,
	(38,1) : 129,
	(38,2) : 136,
	(38,3) : 150,
	(38,4) : 156,
	(38,5) : 125,
	(38,6) : 138,
	(38,7) : 167,
	(38,8) : 236,
	(38,9) : 238,
	(38,10) : 235,
	(38,11) : 234,
	(38,12) : 229,
	(38,13) : 242,
	(38,14) : 279,
	(38,15) : 225,
	(38,16) : 199,
	(38,17) : 173,
	(38,18) : 221,
	(38,19) : 147,
	(38,20) : 178,
	(38,21) : 225,
	(38,22) : 243,
	(38,23) : 249,
	(38,24) : 239,
	(38,25) : 262,
	(38,26) : 312,
	(38,27) : 335,
	(38,28) : 343,
	(38,29) : 326,
	(38,30) : 297,
	(38,31) : 219,
	(38,32) : 194,
	(38,33) : 145,
	(38,34) : 67,
	(38,35) : 48,
	(38,36) : 35,
	(38,37) : 25,
	(38,39) : 361,
	(38,40) : 391,
	(38,41) : 251,
	(38,42) : 260,
	(38,43) : 286,
	(38,44) : 293,
	(38,45) : 303,
	(39,1) : 247,
	(39,2) : 235,
	(39,3) : 222,
	(39,4) : 219,
	(39,5) : 236,
	(39,6) : 248,
	(39,7) : 243,
	(39,8) : 202,
	(39,9) : 130,
	(39,10) : 127,
	(39,11) : 126,
	(39,12) : 141,
	(39,13) : 130,
	(39,14) : 81,
	(39,15) : 135,
	(39,16) : 163,
	(39,17) : 197,
	(39,18) : 173,
	(39,19) : 218,
	(39,20) : 182,
	(39,21) : 139,
	(39,22) : 126,
	(39,23) : 135,
	(39,24) : 141,
	(39,25) : 100,
	(39,26) : 48,
	(39,27) : 28,
	(39,28) : 27,
	(39,29) : 37,
	(39,30) : 66,
	(39,31) : 158,
	(39,32) : 178,
	(39,33) : 219,
	(39,34) : 294,
	(39,35) : 315,
	(39,36) : 335,
	(39,37) : 348,
	(39,38) : 361,
	(39,40) : 39,
	(39,41) : 112,
	(39,42) : 101,
	(39,43) : 87,
	(39,44) : 96,
	(39,45) : 101,
	(40,1) : 273,
	(40,2) : 262,
	(40,3) : 247,
	(40,4) : 243,
	(40,5) : 265,
	(40,6) : 271,
	(40,7) : 262,
	(40,8) : 213,
	(40,9) : 155,
	(40,10) : 156,
	(40,11) : 159,
	(40,12) : 177,
	(40,13) : 167,
	(40,14) : 114,
	(40,15) : 167,
	(40,16) : 196,
	(40,17) : 232,
	(40,18) : 211,
	(40,19) : 245,
	(40,20) : 214,
	(40,21) : 174,
	(40,22) : 162,
	(40,23) : 173,
	(40,24) : 179,
	(40,25) : 135,
	(40,26) : 82,
	(40,27) : 57,
	(40,28) : 48,
	(40,29) : 74,
	(40,30) : 103,
	(40,31) : 196,
	(40,32) : 214,
	(40,33) : 252,
	(40,34) : 324,
	(40,35) : 346,
	(40,36) : 367,
	(40,37) : 379,
	(40,38) : 391,
	(40,39) : 39,
	(40,41) : 147,
	(40,42) : 132,
	(40,43) : 107,
	(40,44) : 110,
	(40,45) : 109,
	(41,1) : 149,
	(41,2) : 135,
	(41,3) : 123,
	(41,4) : 124,
	(41,5) : 129,
	(41,6) : 153,
	(41,7) : 161,
	(41,8) : 150,
	(41,9) : 57,
	(41,10) : 37,
	(41,11) : 21,
	(41,12) : 32,
	(41,13) : 27,
	(41,14) : 34,
	(41,15) : 31,
	(41,16) : 52,
	(41,17) : 85,
	(41,18) : 74,
	(41,19) : 115,
	(41,20) : 72,
	(41,21) : 27,
	(41,22) : 19,
	(41,23) : 45,
	(41,24) : 42,
	(41,25) : 11,
	(41,26) : 64,
	(41,27) : 90,
	(41,28) : 100,
	(41,29) : 76,
	(41,30) : 46,
	(41,31) : 53,
	(41,32) : 67,
	(41,33) : 107,
	(41,34) : 184,
	(41,35) : 204,
	(41,36) : 223,
	(41,37) : 236,
	(41,38) : 251,
	(41,39) : 112,
	(41,40) : 147,
	(41,42) : 24,
	(41,43) : 66,
	(41,44) : 88,
	(41,45) : 104,
	(42,1) : 149,
	(42,2) : 136,
	(42,3) : 123,
	(42,4) : 122,
	(42,5) : 135,
	(42,6) : 151,
	(42,7) : 153,
	(42,8) : 133,
	(42,9) : 41,
	(42,10) : 28,
	(42,11) : 26,
	(42,12) : 55,
	(42,13) : 51,
	(42,14) : 19,
	(42,15) : 34,
	(42,16) : 64,
	(42,17) : 102,
	(42,18) : 98,
	(42,19) : 117,
	(42,20) : 82,
	(42,21) : 46,
	(42,22) : 44,
	(42,23) : 69,
	(42,24) : 66,
	(42,25) : 19,
	(42,26) : 52,
	(42,27) : 75,
	(42,28) : 84,
	(42,29) : 67,
	(42,30) : 41,
	(42,31) : 76,
	(42,32) : 87,
	(42,33) : 120,
	(42,34) : 193,
	(42,35) : 214,
	(42,36) : 235,
	(42,37) : 247,
	(42,38) : 260,
	(42,39) : 101,
	(42,40) : 132,
	(42,41) : 24,
	(42,43) : 42,
	(42,44) : 64,
	(42,45) : 80,
	(43,1) : 165,
	(43,2) : 154,
	(43,3) : 140,
	(43,4) : 136,
	(43,5) : 160,
	(43,6) : 163,
	(43,7) : 156,
	(43,8) : 117,
	(43,9) : 47,
	(43,10) : 54,
	(43,11) : 65,
	(43,12) : 98,
	(43,13) : 94,
	(43,14) : 39,
	(43,15) : 69,
	(43,16) : 101,
	(43,17) : 141,
	(43,18) : 141,
	(43,19) : 139,
	(43,20) : 114,
	(43,21) : 88,
	(43,22) : 86,
	(43,23) : 110,
	(43,24) : 109,
	(43,25) : 59,
	(43,26) : 49,
	(43,27) : 58,
	(43,28) : 62,
	(43,29) : 66,
	(43,30) : 58,
	(43,31) : 118,
	(43,32) : 128,
	(43,33) : 154,
	(43,34) : 220,
	(43,35) : 242,
	(43,36) : 264,
	(43,37) : 276,
	(43,38) : 286,
	(43,39) : 87,
	(43,40) : 107,
	(43,41) : 66,
	(43,42) : 42,
	(43,44) : 22,
	(43,45) : 38,
	(44,1) : 168,
	(44,2) : 158,
	(44,3) : 144,
	(44,4) : 138,
	(44,5) : 169,
	(44,6) : 164,
	(44,7) : 152,
	(44,8) : 105,
	(44,9) : 56,
	(44,10) : 69,
	(44,11) : 84,
	(44,12) : 119,
	(44,13) : 116,
	(44,14) : 62,
	(44,15) : 86,
	(44,16) : 118,
	(44,17) : 157,
	(44,18) : 162,
	(44,19) : 146,
	(44,20) : 128,
	(44,21) : 107,
	(44,22) : 108,
	(44,23) : 132,
	(44,24) : 131,
	(44,25) : 81,
	(44,26) : 67,
	(44,27) : 69,
	(44,28) : 69,
	(44,29) : 84,
	(44,30) : 79,
	(44,31) : 139,
	(44,32) : 146,
	(44,33) : 167,
	(44,34) : 228,
	(44,35) : 251,
	(44,36) : 273,
	(44,37) : 285,
	(44,38) : 293,
	(44,39) : 96,
	(44,40) : 110,
	(44,41) : 88,
	(44,42) : 64,
	(44,43) : 22,
	(44,45) : 15,
	(45,1) : 176,
	(45,2) : 167,
	(45,3) : 153,
	(45,4) : 147,
	(45,5) : 180,
	(45,6) : 172,
	(45,7) : 157,
	(45,8) : 103,
	(45,9) : 69,
	(45,10) : 84,
	(45,11) : 100,
	(45,12) : 134,
	(45,13) : 132,
	(45,14) : 77,
	(45,15) : 101,
	(45,16) : 133,
	(45,17) : 172,
	(45,18) : 178,
	(45,19) : 156,
	(45,20) : 142,
	(45,21) : 123,
	(45,22) : 124,
	(45,23) : 148,
	(45,24) : 147,
	(45,25) : 97,
	(45,26) : 79,
	(45,27) : 76,
	(45,28) : 74,
	(45,29) : 94,
	(45,30) : 93,
	(45,31) : 155,
	(45,32) : 161,
	(45,33) : 181,
	(45,34) : 239,
	(45,35) : 263,
	(45,36) : 284,
	(45,37) : 296,
	(45,38) : 303,
	(45,39) : 101,
	(45,40) : 109,
	(45,41) : 104,
	(45,42) : 80,
	(45,43) : 38,
	(45,44) : 15,
}