cities_B2 = range(1,46)

posn_B2 = {
	 1 : (40445.4297, 37266.9909),
	 2 : (40578.8616, 34379.4144),
	 3 : (36862.1237, 33699.3568),
	 4 : (34648.6773, 33375.7341),
	 5 : (32236.6038, 32643.3302),
	 6 : (30491.5648, 31424.3503),
	 7 : (30019.1805, 29617.6126),
	 8 : (28646.3739, 29316.7727),
	 9 : (26163.478, 30218.8196),
	 10 : (24103.2523, 31642.6034),
	 11 : (21914.5509, 32634.1186),
	 12 : (17869.0806, 35038.9472),
	 13 : (15494.5171, 36267.1619),
	 14 : (12864.9592, 35529.4973),
	 15 : (8772.8552, 33530.3675),
	 16 : (6442.6401, 34689.7988),
	 17 : (18679.3541, 36795.0141),
	 18 : (18097.9271, 40811.9589),
	 19 : (20081.6974, 45214.5479),
	 20 : (21406.6874, 46025.7686),
	 21 : (24402.1063, 46918.1131),
	 22 : (28187.6787, 45686.0701),
	 23 : (27962.3108, 44352.568),
	 24 : (29807.2655, 39105.772),
	 25 : (29500.0972, 35848.0687),
	 26 : (29169.3298, 33633.1535),
	 27 : (29437.9401, 31244.9618),
	 28 : (31080.6082, 30623.0174),
	 29 : (33476.5634, 32058.7418),
	 30 : (34340.0124, 34286.1222),
	 31 : (32345.7724, 36967.5123),
	 32 : (28679.3688, 36758.7136),
	 33 : (25959.4046, 33817.7525),
	 34 : (22896.0731, 31346.4085),
	 35 : (23329.2647, 28742.7658),
	 36 : (26678.3445, 27555.0595),
	 37 : (20011.3981, 40108.6838),
	 38 : (20666.0676, 38266.7899),
	 39 : (23985.5297, 34777.1434),
	 40 : (28499.9628, 32877.5173),
	 41 : (33556.5834, 34344.8585),
	 42 : (37421.7438, 35214.6804),
	 43 : (41501.0749, 37586.6178),
	 44 : (42362.7103, 35285.6654),
	 45 : (45254.8614, 37711.015),
}

dist_B2 = {
	(1,2) : 28,
	(1,3) : 50,
	(1,4) : 69,
	(1,5) : 94,
	(1,6) : 115,
	(1,7) : 129,
	(1,8) : 142,
	(1,9) : 159,
	(1,10) : 172,
	(1,11) : 191,
	(1,12) : 226,
	(1,13) : 249,
	(1,14) : 276,
	(1,15) : 318,
	(1,16) : 341,
	(1,17) : 217,
	(1,18) : 226,
	(1,19) : 218,
	(1,20) : 209,
	(1,21) : 187,
	(1,22) : 148,
	(1,23) : 143,
	(1,24) : 107,
	(1,25) : 110,
	(1,26) : 118,
	(1,27) : 125,
	(1,28) : 114,
	(1,29) : 87,
	(1,30) : 67,
	(1,31) : 81,
	(1,32) : 117,
	(1,33) : 148,
	(1,34) : 185,
	(1,35) : 191,
	(1,36) : 168,
	(1,37) : 206,
	(1,38) : 198,
	(1,39) : 166,
	(1,40) : 127,
	(1,41) : 74,
	(1,42) : 36,
	(1,43) : 11,
	(1,44) : 27,
	(1,45) : 48,
	(2,1) : 28,
	(2,3) : 37,
	(2,4) : 60,
	(2,5) : 85,
	(2,6) : 105,
	(2,7) : 115,
	(2,8) : 129,
	(2,9) : 150,
	(2,10) : 167,
	(2,11) : 187,
	(2,12) : 227,
	(2,13) : 251,
	(2,14) : 277,
	(2,15) : 318,
	(2,16) : 341,
	(2,17) : 220,
	(2,18) : 233,
	(2,19) : 231,
	(2,20) : 224,
	(2,21) : 204,
	(2,22) : 167,
	(2,23) : 160,
	(2,24) : 117,
	(2,25) : 111,
	(2,26) : 114,
	(2,27) : 115,
	(2,28) : 102,
	(2,29) : 74,
	(2,30) : 62,
	(2,31) : 86,
	(2,32) : 121,
	(2,33) : 146,
	(2,34) : 179,
	(2,35) : 181,
	(2,36) : 154,
	(2,37) : 213,
	(2,38) : 202,
	(2,39) : 165,
	(2,40) : 121,
	(2,41) : 70,
	(2,42) : 32,
	(2,43) : 33,
	(2,44) : 20,
	(2,45) : 57,
	(3,1) : 50,
	(3,2) : 37,
	(3,4) : 22,
	(3,5) : 47,
	(3,6) : 67,
	(3,7) : 79,
	(3,8) : 93,
	(3,9) : 112,
	(3,10) : 129,
	(3,11) : 149,
	(3,12) : 190,
	(3,13) : 215,
	(3,14) : 240,
	(3,15) : 280,
	(3,16) : 304,
	(3,17) : 184,
	(3,18) : 200,
	(3,19) : 203,
	(3,20) : 197,
	(3,21) : 181,
	(3,22) : 147,
	(3,23) : 138,
	(3,24) : 88,
	(3,25) : 76,
	(3,26) : 76,
	(3,27) : 78,
	(3,28) : 65,
	(3,29) : 37,
	(3,30) : 25,
	(3,31) : 55,
	(3,32) : 87,
	(3,33) : 109,
	(3,34) : 141,
	(3,35) : 144,
	(3,36) : 118,
	(3,37) : 180,
	(3,38) : 168,
	(3,39) : 129,
	(3,40) : 84,
	(3,41) : 33,
	(3,42) : 16,
	(3,43) : 60,
	(3,44) : 57,
	(3,45) : 93,
	(4,1) : 69,
	(4,2) : 60,
	(4,3) : 22,
	(4,5) : 25,
	(4,6) : 45,
	(4,7) : 59,
	(4,8) : 72,
	(4,9) : 90,
	(4,10) : 106,
	(4,11) : 127,
	(4,12) : 168,
	(4,13) : 193,
	(4,14) : 218,
	(4,15) : 258,
	(4,16) : 282,
	(4,17) : 163,
	(4,18) : 181,
	(4,19) : 187,
	(4,20) : 183,
	(4,21) : 169,
	(4,22) : 139,
	(4,23) : 128,
	(4,24) : 75,
	(4,25) : 57,
	(4,26) : 54,
	(4,27) : 56,
	(4,28) : 45,
	(4,29) : 17,
	(4,30) : 9,
	(4,31) : 42,
	(4,32) : 68,
	(4,33) : 87,
	(4,34) : 119,
	(4,35) : 122,
	(4,36) : 98,
	(4,37) : 161,
	(4,38) : 148,
	(4,39) : 107,
	(4,40) : 61,
	(4,41) : 14,
	(4,42) : 33,
	(4,43) : 80,
	(4,44) : 79,
	(4,45) : 114,
	(5,1) : 94,
	(5,2) : 85,
	(5,3) : 47,
	(5,4) : 25,
	(5,6) : 21,
	(5,7) : 37,
	(5,8) : 48,
	(5,9) : 65,
	(5,10) : 81,
	(5,11) : 103,
	(5,12) : 145,
	(5,13) : 171,
	(5,14) : 195,
	(5,15) : 234,
	(5,16) : 258,
	(5,17) : 141,
	(5,18) : 163,
	(5,19) : 174,
	(5,20) : 172,
	(5,21) : 162,
	(5,22) : 136,
	(5,23) : 124,
	(5,24) : 69,
	(5,25) : 42,
	(5,26) : 32,
	(5,27) : 31,
	(5,28) : 23,
	(5,29) : 13,
	(5,30) : 26,
	(5,31) : 43,
	(5,32) : 54,
	(5,33) : 63,
	(5,34) : 94,
	(5,35) : 97,
	(5,36) : 75,
	(5,37) : 143,
	(5,38) : 128,
	(5,39) : 85,
	(5,40) : 37,
	(5,41) : 21,
	(5,42) : 57,
	(5,43) : 105,
	(5,44) : 104,
	(5,45) : 139,
	(6,1) : 115,
	(6,2) : 105,
	(6,3) : 67,
	(6,4) : 45,
	(6,5) : 21,
	(6,7) : 18,
	(6,8) : 28,
	(6,9) : 44,
	(6,10) : 63,
	(6,11) : 86,
	(6,12) : 131,
	(6,13) : 157,
	(6,14) : 180,
	(6,15) : 218,
	(6,16) : 242,
	(6,17) : 129,
	(6,18) : 155,
	(6,19) : 172,
	(6,20) : 171,
	(6,21) : 166,
	(6,22) : 144,
	(6,23) : 131,
	(6,24) : 77,
	(6,25) : 45,
	(6,26) : 25,
	(6,27) : 10,
	(6,28) : 9,
	(6,29) : 30,
	(6,30) : 47,
	(6,31) : 58,
	(6,32) : 56,
	(6,33) : 51,
	(6,34) : 75,
	(6,35) : 76,
	(6,36) : 54,
	(6,37) : 136,
	(6,38) : 119,
	(6,39) : 73,
	(6,40) : 24,
	(6,41) : 42,
	(6,42) : 78,
	(6,43) : 126,
	(6,44) : 124,
	(6,45) : 160,
	(7,1) : 129,
	(7,2) : 115,
	(7,3) : 79,
	(7,4) : 59,
	(7,5) : 37,
	(7,6) : 18,
	(7,8) : 14,
	(7,9) : 39,
	(7,10) : 62,
	(7,11) : 86,
	(7,12) : 133,
	(7,13) : 159,
	(7,14) : 181,
	(7,15) : 216,
	(7,16) : 241,
	(7,17) : 134,
	(7,18) : 163,
	(7,19) : 184,
	(7,20) : 185,
	(7,21) : 181,
	(7,22) : 161,
	(7,23) : 148,
	(7,24) : 94,
	(7,25) : 62,
	(7,26) : 41,
	(7,27) : 17,
	(7,28) : 14,
	(7,29) : 42,
	(7,30) : 63,
	(7,31) : 77,
	(7,32) : 72,
	(7,33) : 58,
	(7,34) : 73,
	(7,35) : 67,
	(7,36) : 39,
	(7,37) : 144,
	(7,38) : 127,
	(7,39) : 79,
	(7,40) : 35,
	(7,41) : 59,
	(7,42) : 92,
	(7,43) : 139,
	(7,44) : 135,
	(7,45) : 172,
	(8,1) : 142,
	(8,2) : 129,
	(8,3) : 93,
	(8,4) : 72,
	(8,5) : 48,
	(8,6) : 28,
	(8,7) : 14,
	(8,9) : 26,
	(8,10) : 51,
	(8,11) : 75,
	(8,12) : 122,
	(8,13) : 148,
	(8,14) : 169,
	(8,15) : 203,
	(8,16) : 228,
	(8,17) : 124,
	(8,18) : 156,
	(8,19) : 180,
	(8,20) : 182,
	(8,21) : 181,
	(8,22) : 163,
	(8,23) : 150,
	(8,24) : 98,
	(8,25) : 65,
	(8,26) : 43,
	(8,27) : 20,
	(8,28) : 27,
	(8,29) : 55,
	(8,30) : 75,
	(8,31) : 84,
	(8,32) : 74,
	(8,33) : 52,
	(8,34) : 60,
	(8,35) : 53,
	(8,36) : 26,
	(8,37) : 138,
	(8,38) : 119,
	(8,39) : 71,
	(8,40) : 35,
	(8,41) : 70,
	(8,42) : 105,
	(8,43) : 152,
	(8,44) : 149,
	(8,45) : 186,
	(9,1) : 159,
	(9,2) : 150,
	(9,3) : 112,
	(9,4) : 90,
	(9,5) : 65,
	(9,6) : 44,
	(9,7) : 39,
	(9,8) : 26,
	(9,10) : 25,
	(9,11) : 48,
	(9,12) : 95,
	(9,13) : 122,
	(9,14) : 143,
	(9,15) : 177,
	(9,16) : 202,
	(9,17) : 99,
	(9,18) : 133,
	(9,19) : 161,
	(9,20) : 165,
	(9,21) : 167,
	(9,22) : 155,
	(9,23) : 142,
	(9,24) : 96,
	(9,25) : 65,
	(9,26) : 45,
	(9,27) : 34,
	(9,28) : 49,
	(9,29) : 75,
	(9,30) : 91,
	(9,31) : 91,
	(9,32) : 70,
	(9,33) : 36,
	(9,34) : 34,
	(9,35) : 31,
	(9,36) : 27,
	(9,37) : 116,
	(9,38) : 97,
	(9,39) : 50,
	(9,40) : 35,
	(9,41) : 84,
	(9,42) : 123,
	(9,43) : 170,
	(9,44) : 169,
	(9,45) : 205,
	(10,1) : 172,
	(10,2) : 167,
	(10,3) : 129,
	(10,4) : 106,
	(10,5) : 81,
	(10,6) : 63,
	(10,7) : 62,
	(10,8) : 51,
	(10,9) : 25,
	(10,11) : 24,
	(10,12) : 70,
	(10,13) : 97,
	(10,14) : 118,
	(10,15) : 154,
	(10,16) : 179,
	(10,17) : 74,
	(10,18) : 109,
	(10,19) : 141,
	(10,20) : 146,
	(10,21) : 152,
	(10,22) : 146,
	(10,23) : 132,
	(10,24) : 93,
	(10,25) : 68,
	(10,26) : 54,
	(10,27) : 53,
	(10,28) : 70,
	(10,29) : 93,
	(10,30) : 105,
	(10,31) : 98,
	(10,32) : 68,
	(10,33) : 28,
	(10,34) : 12,
	(10,35) : 30,
	(10,36) : 48,
	(10,37) : 94,
	(10,38) : 74,
	(10,39) : 31,
	(10,40) : 45,
	(10,41) : 98,
	(10,42) : 137,
	(10,43) : 183,
	(10,44) : 186,
	(10,45) : 220,
	(11,1) : 191,
	(11,2) : 187,
	(11,3) : 149,
	(11,4) : 127,
	(11,5) : 103,
	(11,6) : 86,
	(11,7) : 86,
	(11,8) : 75,
	(11,9) : 48,
	(11,10) : 24,
	(11,12) : 47,
	(11,13) : 73,
	(11,14) : 95,
	(11,15) : 131,
	(11,16) : 156,
	(11,17) : 52,
	(11,18) : 90,
	(11,19) : 127,
	(11,20) : 134,
	(11,21) : 144,
	(11,22) : 144,
	(11,23) : 131,
	(11,24) : 102,
	(11,25) : 82,
	(11,26) : 73,
	(11,27) : 76,
	(11,28) : 93,
	(11,29) : 115,
	(11,30) : 125,
	(11,31) : 112,
	(11,32) : 79,
	(11,33) : 42,
	(11,34) : 16,
	(11,35) : 41,
	(11,36) : 69,
	(11,37) : 77,
	(11,38) : 57,
	(11,39) : 29,
	(11,40) : 65,
	(11,41) : 117,
	(11,42) : 157,
	(11,43) : 202,
	(11,44) : 206,
	(11,45) : 238,
	(12,1) : 226,
	(12,2) : 227,
	(12,3) : 190,
	(12,4) : 168,
	(12,5) : 145,
	(12,6) : 131,
	(12,7) : 133,
	(12,8) : 122,
	(12,9) : 95,
	(12,10) : 70,
	(12,11) : 47,
	(12,13) : 26,
	(12,14) : 50,
	(12,15) : 92,
	(12,16) : 114,
	(12,17) : 19,
	(12,18) : 57,
	(12,19) : 104,
	(12,20) : 115,
	(12,21) : 135,
	(12,22) : 148,
	(12,23) : 137,
	(12,24) : 126,
	(12,25) : 116,
	(12,26) : 113,
	(12,27) : 121,
	(12,28) : 139,
	(12,29) : 158,
	(12,30) : 164,
	(12,31) : 146,
	(12,32) : 109,
	(12,33) : 81,
	(12,34) : 62,
	(12,35) : 83,
	(12,36) : 115,
	(12,37) : 55,
	(12,38) : 42,
	(12,39) : 61,
	(12,40) : 108,
	(12,41) : 157,
	(12,42) : 195,
	(12,43) : 237,
	(12,44) : 244,
	(12,45) : 275,
	(13,1) : 249,
	(13,2) : 251,
	(13,3) : 215,
	(13,4) : 193,
	(13,5) : 171,
	(13,6) : 157,
	(13,7) : 159,
	(13,8) : 148,
	(13,9) : 122,
	(13,10) : 97,
	(13,11) : 73,
	(13,12) : 26,
	(13,14) : 27,
	(13,15) : 72,
	(13,16) : 91,
	(13,17) : 32,
	(13,18) : 52,
	(13,19) : 100,
	(13,20) : 114,
	(13,21) : 138,
	(13,22) : 158,
	(13,23) : 148,
	(13,24) : 145,
	(13,25) : 140,
	(13,26) : 139,
	(13,27) : 148,
	(13,28) : 165,
	(13,29) : 184,
	(13,30) : 189,
	(13,31) : 168,
	(13,32) : 131,
	(13,33) : 107,
	(13,34) : 88,
	(13,35) : 108,
	(13,36) : 141,
	(13,37) : 59,
	(13,38) : 55,
	(13,39) : 86,
	(13,40) : 134,
	(13,41) : 181,
	(13,42) : 219,
	(13,43) : 260,
	(13,44) : 268,
	(13,45) : 297,
	(14,1) : 276,
	(14,2) : 277,
	(14,3) : 240,
	(14,4) : 218,
	(14,5) : 195,
	(14,6) : 180,
	(14,7) : 181,
	(14,8) : 169,
	(14,9) : 143,
	(14,10) : 118,
	(14,11) : 95,
	(14,12) : 50,
	(14,13) : 27,
	(14,15) : 45,
	(14,16) : 64,
	(14,17) : 59,
	(14,18) : 74,
	(14,19) : 120,
	(14,20) : 135,
	(14,21) : 162,
	(14,22) : 183,
	(14,23) : 174,
	(14,24) : 173,
	(14,25) : 166,
	(14,26) : 164,
	(14,27) : 171,
	(14,28) : 188,
	(14,29) : 209,
	(14,30) : 215,
	(14,31) : 195,
	(14,32) : 158,
	(14,33) : 132,
	(14,34) : 108,
	(14,35) : 124,
	(14,36) : 159,
	(14,37) : 84,
	(14,38) : 82,
	(14,39) : 111,
	(14,40) : 158,
	(14,41) : 207,
	(14,42) : 245,
	(14,43) : 287,
	(14,44) : 294,
	(14,45) : 324,
	(15,1) : 318,
	(15,2) : 318,
	(15,3) : 280,
	(15,4) : 258,
	(15,5) : 234,
	(15,6) : 218,
	(15,7) : 216,
	(15,8) : 203,
	(15,9) : 177,
	(15,10) : 154,
	(15,11) : 131,
	(15,12) : 92,
	(15,13) : 72,
	(15,14) : 45,
	(15,16) : 26,
	(15,17) : 104,
	(15,18) : 118,
	(15,19) : 162,
	(15,20) : 177,
	(15,21) : 205,
	(15,22) : 229,
	(15,23) : 220,
	(15,24) : 217,
	(15,25) : 208,
	(15,26) : 203,
	(15,27) : 207,
	(15,28) : 224,
	(15,29) : 247,
	(15,30) : 255,
	(15,31) : 238,
	(15,32) : 201,
	(15,33) : 171,
	(15,34) : 142,
	(15,35) : 153,
	(15,36) : 188,
	(15,37) : 130,
	(15,38) : 128,
	(15,39) : 152,
	(15,40) : 197,
	(15,41) : 247,
	(15,42) : 286,
	(15,43) : 329,
	(15,44) : 336,
	(15,45) : 367,
	(16,1) : 341,
	(16,2) : 341,
	(16,3) : 304,
	(16,4) : 282,
	(16,5) : 258,
	(16,6) : 242,
	(16,7) : 241,
	(16,8) : 228,
	(16,9) : 202,
	(16,10) : 179,
	(16,11) : 156,
	(16,12) : 114,
	(16,13) : 91,
	(16,14) : 64,
	(16,15) : 26,
	(16,17) : 124,
	(16,18) : 131,
	(16,19) : 172,
	(16,20) : 187,
	(16,21) : 217,
	(16,22) : 243,
	(16,23) : 235,
	(16,24) : 237,
	(16,25) : 230,
	(16,26) : 227,
	(16,27) : 232,
	(16,28) : 249,
	(16,29) : 271,
	(16,30) : 279,
	(16,31) : 260,
	(16,32) : 223,
	(16,33) : 195,
	(16,34) : 167,
	(16,35) : 179,
	(16,36) : 214,
	(16,37) : 146,
	(16,38) : 146,
	(16,39) : 175,
	(16,40) : 221,
	(16,41) : 271,
	(16,42) : 309,
	(16,43) : 351,
	(16,44) : 359,
	(16,45) : 389,
	(17,1) : 217,
	(17,2) : 220,
	(17,3) : 184,
	(17,4) : 163,
	(17,5) : 141,
	(17,6) : 129,
	(17,7) : 134,
	(17,8) : 124,
	(17,9) : 99,
	(17,10) : 74,
	(17,11) : 52,
	(17,12) : 19,
	(17,13) : 32,
	(17,14) : 59,
	(17,15) : 104,
	(17,16) : 124,
	(17,18) : 40,
	(17,19) : 85,
	(17,20) : 96,
	(17,21) : 116,
	(17,22) : 130,
	(17,23) : 119,
	(17,24) : 113,
	(17,25) : 108,
	(17,26) : 109,
	(17,27) : 121,
	(17,28) : 138,
	(17,29) : 155,
	(17,30) : 158,
	(17,31) : 136,
	(17,32) : 100,
	(17,33) : 78,
	(17,34) : 68,
	(17,35) : 92,
	(17,36) : 122,
	(17,37) : 35,
	(17,38) : 24,
	(17,39) : 56,
	(17,40) : 105,
	(17,41) : 150,
	(17,42) : 188,
	(17,43) : 228,
	(17,44) : 237,
	(17,45) : 265,
	(18,1) : 226,
	(18,2) : 233,
	(18,3) : 200,
	(18,4) : 181,
	(18,5) : 163,
	(18,6) : 155,
	(18,7) : 163,
	(18,8) : 156,
	(18,9) : 133,
	(18,10) : 109,
	(18,11) : 90,
	(18,12) : 57,
	(18,13) : 52,
	(18,14) : 74,
	(18,15) : 118,
	(18,16) : 131,
	(18,17) : 40,
	(18,19) : 48,
	(18,20) : 61,
	(18,21) : 87,
	(18,22) : 112,
	(18,23) : 104,
	(18,24) : 118,
	(18,25) : 124,
	(18,26) : 131,
	(18,27) : 148,
	(18,28) : 165,
	(18,29) : 176,
	(18,30) : 175,
	(18,31) : 147,
	(18,32) : 113,
	(18,33) : 105,
	(18,34) : 106,
	(18,35) : 131,
	(18,36) : 157,
	(18,37) : 20,
	(18,38) : 36,
	(18,39) : 84,
	(18,40) : 130,
	(18,41) : 167,
	(18,42) : 201,
	(18,43) : 236,
	(18,44) : 248,
	(18,45) : 273,
	(19,1) : 218,
	(19,2) : 231,
	(19,3) : 203,
	(19,4) : 187,
	(19,5) : 174,
	(19,6) : 172,
	(19,7) : 184,
	(19,8) : 180,
	(19,9) : 161,
	(19,10) : 141,
	(19,11) : 127,
	(19,12) : 104,
	(19,13) : 100,
	(19,14) : 120,
	(19,15) : 162,
	(19,16) : 172,
	(19,17) : 85,
	(19,18) : 48,
	(19,20) : 15,
	(19,21) : 46,
	(19,22) : 81,
	(19,23) : 79,
	(19,24) : 114,
	(19,25) : 132,
	(19,26) : 147,
	(19,27) : 168,
	(19,28) : 182,
	(19,29) : 187,
	(19,30) : 179,
	(19,31) : 147,
	(19,32) : 120,
	(19,33) : 128,
	(19,34) : 141,
	(19,35) : 167,
	(19,36) : 188,
	(19,37) : 51,
	(19,38) : 69,
	(19,39) : 111,
	(19,40) : 149,
	(19,41) : 173,
	(19,42) : 200,
	(19,43) : 227,
	(19,44) : 243,
	(19,45) : 262,
	(20,1) : 209,
	(20,2) : 224,
	(20,3) : 197,
	(20,4) : 183,
	(20,5) : 172,
	(20,6) : 171,
	(20,7) : 185,
	(20,8) : 182,
	(20,9) : 165,
	(20,10) : 146,
	(20,11) : 134,
	(20,12) : 115,
	(20,13) : 114,
	(20,14) : 135,
	(20,15) : 177,
	(20,16) : 187,
	(20,17) : 96,
	(20,18) : 61,
	(20,19) : 15,
	(20,21) : 31,
	(20,22) : 67,
	(20,23) : 67,
	(20,24) : 108,
	(20,25) : 130,
	(20,26) : 146,
	(20,27) : 168,
	(20,28) : 181,
	(20,29) : 184,
	(20,30) : 174,
	(20,31) : 142,
	(20,32) : 117,
	(20,33) : 130,
	(20,34) : 147,
	(20,35) : 173,
	(20,36) : 192,
	(20,37) : 60,
	(20,38) : 77,
	(20,39) : 115,
	(20,40) : 149,
	(20,41) : 168,
	(20,42) : 193,
	(20,43) : 217,
	(20,44) : 235,
	(20,45) : 252,
	(21,1) : 187,
	(21,2) : 204,
	(21,3) : 181,
	(21,4) : 169,
	(21,5) : 162,
	(21,6) : 166,
	(21,7) : 181,
	(21,8) : 181,
	(21,9) : 167,
	(21,10) : 152,
	(21,11) : 144,
	(21,12) : 135,
	(21,13) : 138,
	(21,14) : 162,
	(21,15) : 205,
	(21,16) : 217,
	(21,17) : 116,
	(21,18) : 87,
	(21,19) : 46,
	(21,20) : 31,
	(21,22) : 39,
	(21,23) : 43,
	(21,24) : 94,
	(21,25) : 121,
	(21,26) : 141,
	(21,27) : 164,
	(21,28) : 176,
	(21,29) : 174,
	(21,30) : 160,
	(21,31) : 127,
	(21,32) : 110,
	(21,33) : 131,
	(21,34) : 156,
	(21,35) : 182,
	(21,36) : 194,
	(21,37) : 81,
	(21,38) : 94,
	(21,39) : 121,
	(21,40) : 146,
	(21,41) : 155,
	(21,42) : 175,
	(21,43) : 194,
	(21,44) : 213,
	(21,45) : 227,
	(22,1) : 148,
	(22,2) : 167,
	(22,3) : 147,
	(22,4) : 139,
	(22,5) : 136,
	(22,6) : 144,
	(22,7) : 161,
	(22,8) : 163,
	(22,9) : 155,
	(22,10) : 146,
	(22,11) : 144,
	(22,12) : 148,
	(22,13) : 158,
	(22,14) : 183,
	(22,15) : 229,
	(22,16) : 243,
	(22,17) : 130,
	(22,18) : 112,
	(22,19) : 81,
	(22,20) : 67,
	(22,21) : 39,
	(22,23) : 13,
	(22,24) : 67,
	(22,25) : 99,
	(22,26) : 120,
	(22,27) : 144,
	(22,28) : 153,
	(22,29) : 146,
	(22,30) : 129,
	(22,31) : 96,
	(22,32) : 89,
	(22,33) : 120,
	(22,34) : 152,
	(22,35) : 176,
	(22,36) : 181,
	(22,37) : 98,
	(22,38) : 105,
	(22,39) : 116,
	(22,40) : 128,
	(22,41) : 125,
	(22,42) : 139,
	(22,43) : 155,
	(22,44) : 175,
	(22,45) : 188,
	(23,1) : 143,
	(23,2) : 160,
	(23,3) : 138,
	(23,4) : 128,
	(23,5) : 124,
	(23,6) : 131,
	(23,7) : 148,
	(23,8) : 150,
	(23,9) : 142,
	(23,10) : 132,
	(23,11) : 131,
	(23,12) : 137,
	(23,13) : 148,
	(23,14) : 174,
	(23,15) : 220,
	(23,16) : 235,
	(23,17) : 119,
	(23,18) : 104,
	(23,19) : 79,
	(23,20) : 67,
	(23,21) : 43,
	(23,22) : 13,
	(23,24) : 55,
	(23,25) : 86,
	(23,26) : 107,
	(23,27) : 131,
	(23,28) : 140,
	(23,29) : 134,
	(23,30) : 119,
	(23,31) : 85,
	(23,32) : 76,
	(23,33) : 107,
	(23,34) : 139,
	(23,35) : 162,
	(23,36) : 168,
	(23,37) : 90,
	(23,38) : 95,
	(23,39) : 103,
	(23,40) : 114,
	(23,41) : 114,
	(23,42) : 131,
	(23,43) : 151,
	(23,44) : 170,
	(23,45) : 185,
	(24,1) : 107,
	(24,2) : 117,
	(24,3) : 88,
	(24,4) : 75,
	(24,5) : 69,
	(24,6) : 77,
	(24,7) : 94,
	(24,8) : 98,
	(24,9) : 96,
	(24,10) : 93,
	(24,11) : 102,
	(24,12) : 126,
	(24,13) : 145,
	(24,14) : 173,
	(24,15) : 217,
	(24,16) : 237,
	(24,17) : 113,
	(24,18) : 118,
	(24,19) : 114,
	(24,20) : 108,
	(24,21) : 94,
	(24,22) : 67,
	(24,23) : 55,
	(24,25) : 32,
	(24,26) : 55,
	(24,27) : 78,
	(24,28) : 85,
	(24,29) : 79,
	(24,30) : 66,
	(24,31) : 33,
	(24,32) : 26,
	(24,33) : 65,
	(24,34) : 103,
	(24,35) : 122,
	(24,36) : 119,
	(24,37) : 98,
	(24,38) : 91,
	(24,39) : 72,
	(24,40) : 63,
	(24,41) : 60,
	(24,42) : 85,
	(24,43) : 117,
	(24,44) : 131,
	(24,45) : 155,
	(25,1) : 110,
	(25,2) : 111,
	(25,3) : 76,
	(25,4) : 57,
	(25,5) : 42,
	(25,6) : 45,
	(25,7) : 62,
	(25,8) : 65,
	(25,9) : 65,
	(25,10) : 68,
	(25,11) : 82,
	(25,12) : 116,
	(25,13) : 140,
	(25,14) : 166,
	(25,15) : 208,
	(25,16) : 230,
	(25,17) : 108,
	(25,18) : 124,
	(25,19) : 132,
	(25,20) : 130,
	(25,21) : 121,
	(25,22) : 99,
	(25,23) : 86,
	(25,24) : 32,
	(25,26) : 22,
	(25,27) : 46,
	(25,28) : 54,
	(25,29) : 54,
	(25,30) : 50,
	(25,31) : 30,
	(25,32) : 12,
	(25,33) : 40,
	(25,34) : 79,
	(25,35) : 94,
	(25,36) : 87,
	(25,37) : 104,
	(25,38) : 91,
	(25,39) : 56,
	(25,40) : 31,
	(25,41) : 43,
	(25,42) : 79,
	(25,43) : 121,
	(25,44) : 128,
	(25,45) : 158,
	(26,1) : 118,
	(26,2) : 114,
	(26,3) : 76,
	(26,4) : 54,
	(26,5) : 32,
	(26,6) : 25,
	(26,7) : 41,
	(26,8) : 43,
	(26,9) : 45,
	(26,10) : 54,
	(26,11) : 73,
	(26,12) : 113,
	(26,13) : 139,
	(26,14) : 164,
	(26,15) : 203,
	(26,16) : 227,
	(26,17) : 109,
	(26,18) : 131,
	(26,19) : 147,
	(26,20) : 146,
	(26,21) : 141,
	(26,22) : 120,
	(26,23) : 107,
	(26,24) : 55,
	(26,25) : 22,
	(26,27) : 24,
	(26,28) : 35,
	(26,29) : 45,
	(26,30) : 52,
	(26,31) : 46,
	(26,32) : 31,
	(26,33) : 32,
	(26,34) : 66,
	(26,35) : 76,
	(26,36) : 65,
	(26,37) : 112,
	(26,38) : 96,
	(26,39) : 53,
	(26,40) : 10,
	(26,41) : 44,
	(26,42) : 84,
	(26,43) : 129,
	(26,44) : 132,
	(26,45) : 165,
	(27,1) : 125,
	(27,2) : 115,
	(27,3) : 78,
	(27,4) : 56,
	(27,5) : 31,
	(27,6) : 10,
	(27,7) : 17,
	(27,8) : 20,
	(27,9) : 34,
	(27,10) : 53,
	(27,11) : 76,
	(27,12) : 121,
	(27,13) : 148,
	(27,14) : 171,
	(27,15) : 207,
	(27,16) : 232,
	(27,17) : 121,
	(27,18) : 148,
	(27,19) : 168,
	(27,20) : 168,
	(27,21) : 164,
	(27,22) : 144,
	(27,23) : 131,
	(27,24) : 78,
	(27,25) : 46,
	(27,26) : 24,
	(27,28) : 17,
	(27,29) : 41,
	(27,30) : 57,
	(27,31) : 64,
	(27,32) : 55,
	(27,33) : 43,
	(27,34) : 65,
	(27,35) : 66,
	(27,36) : 46,
	(27,37) : 129,
	(27,38) : 112,
	(27,39) : 64,
	(27,40) : 18,
	(27,41) : 51,
	(27,42) : 89,
	(27,43) : 136,
	(27,44) : 135,
	(27,45) : 170,
	(28,1) : 114,
	(28,2) : 102,
	(28,3) : 65,
	(28,4) : 45,
	(28,5) : 23,
	(28,6) : 9,
	(28,7) : 14,
	(28,8) : 27,
	(28,9) : 49,
	(28,10) : 70,
	(28,11) : 93,
	(28,12) : 139,
	(28,13) : 165,
	(28,14) : 188,
	(28,15) : 224,
	(28,16) : 249,
	(28,17) : 138,
	(28,18) : 165,
	(28,19) : 182,
	(28,20) : 181,
	(28,21) : 176,
	(28,22) : 153,
	(28,23) : 140,
	(28,24) : 85,
	(28,25) : 54,
	(28,26) : 35,
	(28,27) : 17,
	(28,29) : 27,
	(28,30) : 49,
	(28,31) : 64,
	(28,32) : 65,
	(28,33) : 60,
	(28,34) : 82,
	(28,35) : 79,
	(28,36) : 53,
	(28,37) : 145,
	(28,38) : 129,
	(28,39) : 82,
	(28,40) : 34,
	(28,41) : 44,
	(28,42) : 78,
	(28,43) : 125,
	(28,44) : 122,
	(28,45) : 158,
	(29,1) : 87,
	(29,2) : 74,
	(29,3) : 37,
	(29,4) : 17,
	(29,5) : 13,
	(29,6) : 30,
	(29,7) : 42,
	(29,8) : 55,
	(29,9) : 75,
	(29,10) : 93,
	(29,11) : 115,
	(29,12) : 158,
	(29,13) : 184,
	(29,14) : 209,
	(29,15) : 247,
	(29,16) : 271,
	(29,17) : 155,
	(29,18) : 176,
	(29,19) : 187,
	(29,20) : 184,
	(29,21) : 174,
	(29,22) : 146,
	(29,23) : 134,
	(29,24) : 79,
	(29,25) : 54,
	(29,26) : 45,
	(29,27) : 41,
	(29,28) : 27,
	(29,30) : 23,
	(29,31) : 50,
	(29,32) : 67,
	(29,33) : 77,
	(29,34) : 106,
	(29,35) : 106,
	(29,36) : 81,
	(29,37) : 156,
	(29,38) : 142,
	(29,39) : 98,
	(29,40) : 50,
	(29,41) : 22,
	(29,42) : 50,
	(29,43) : 97,
	(29,44) : 94,
	(29,45) : 130,
	(30,1) : 67,
	(30,2) : 62,
	(30,3) : 25,
	(30,4) : 9,
	(30,5) : 26,
	(30,6) : 47,
	(30,7) : 63,
	(30,8) : 75,
	(30,9) : 91,
	(30,10) : 105,
	(30,11) : 125,
	(30,12) : 164,
	(30,13) : 189,
	(30,14) : 215,
	(30,15) : 255,
	(30,16) : 279,
	(30,17) : 158,
	(30,18) : 175,
	(30,19) : 179,
	(30,20) : 174,
	(30,21) : 160,
	(30,22) : 129,
	(30,23) : 119,
	(30,24) : 66,
	(30,25) : 50,
	(30,26) : 52,
	(30,27) : 57,
	(30,28) : 49,
	(30,29) : 23,
	(30,31) : 33,
	(30,32) : 61,
	(30,33) : 83,
	(30,34) : 118,
	(30,35) : 123,
	(30,36) : 101,
	(30,37) : 154,
	(30,38) : 142,
	(30,39) : 103,
	(30,40) : 60,
	(30,41) : 7,
	(30,42) : 32,
	(30,43) : 78,
	(30,44) : 80,
	(30,45) : 114,
	(31,1) : 81,
	(31,2) : 86,
	(31,3) : 55,
	(31,4) : 42,
	(31,5) : 43,
	(31,6) : 58,
	(31,7) : 77,
	(31,8) : 84,
	(31,9) : 91,
	(31,10) : 98,
	(31,11) : 112,
	(31,12) : 146,
	(31,13) : 168,
	(31,14) : 195,
	(31,15) : 238,
	(31,16) : 260,
	(31,17) : 136,
	(31,18) : 147,
	(31,19) : 147,
	(31,20) : 142,
	(31,21) : 127,
	(31,22) : 96,
	(31,23) : 85,
	(31,24) : 33,
	(31,25) : 30,
	(31,26) : 46,
	(31,27) : 64,
	(31,28) : 64,
	(31,29) : 50,
	(31,30) : 33,
	(31,32) : 36,
	(31,33) : 71,
	(31,34) : 109,
	(31,35) : 122,
	(31,36) : 109,
	(31,37) : 127,
	(31,38) : 117,
	(31,39) : 86,
	(31,40) : 56,
	(31,41) : 28,
	(31,42) : 53,
	(31,43) : 91,
	(31,44) : 101,
	(31,45) : 129,
	(32,1) : 117,
	(32,2) : 121,
	(32,3) : 87,
	(32,4) : 68,
	(32,5) : 54,
	(32,6) : 56,
	(32,7) : 72,
	(32,8) : 74,
	(32,9) : 70,
	(32,10) : 68,
	(32,11) : 79,
	(32,12) : 109,
	(32,13) : 131,
	(32,14) : 158,
	(32,15) : 201,
	(32,16) : 223,
	(32,17) : 100,
	(32,18) : 113,
	(32,19) : 120,
	(32,20) : 117,
	(32,21) : 110,
	(32,22) : 89,
	(32,23) : 76,
	(32,24) : 26,
	(32,25) : 12,
	(32,26) : 31,
	(32,27) : 55,
	(32,28) : 65,
	(32,29) : 67,
	(32,30) : 61,
	(32,31) : 36,
	(32,33) : 40,
	(32,34) : 79,
	(32,35) : 96,
	(32,36) : 94,
	(32,37) : 92,
	(32,38) : 81,
	(32,39) : 50,
	(32,40) : 38,
	(32,41) : 54,
	(32,42) : 88,
	(32,43) : 128,
	(32,44) : 137,
	(32,45) : 166,
	(33,1) : 148,
	(33,2) : 146,
	(33,3) : 109,
	(33,4) : 87,
	(33,5) : 63,
	(33,6) : 51,
	(33,7) : 58,
	(33,8) : 52,
	(33,9) : 36,
	(33,10) : 28,
	(33,11) : 42,
	(33,12) : 81,
	(33,13) : 107,
	(33,14) : 132,
	(33,15) : 171,
	(33,16) : 195,
	(33,17) : 78,
	(33,18) : 105,
	(33,19) : 128,
	(33,20) : 130,
	(33,21) : 131,
	(33,22) : 120,
	(33,23) : 107,
	(33,24) : 65,
	(33,25) : 40,
	(33,26) : 32,
	(33,27) : 43,
	(33,28) : 60,
	(33,29) : 77,
	(33,30) : 83,
	(33,31) : 71,
	(33,32) : 40,
	(33,34) : 39,
	(33,35) : 57,
	(33,36) : 63,
	(33,37) : 86,
	(33,38) : 69,
	(33,39) : 21,
	(33,40) : 27,
	(33,41) : 76,
	(33,42) : 115,
	(33,43) : 159,
	(33,44) : 164,
	(33,45) : 196,
	(34,1) : 185,
	(34,2) : 179,
	(34,3) : 141,
	(34,4) : 119,
	(34,5) : 94,
	(34,6) : 75,
	(34,7) : 73,
	(34,8) : 60,
	(34,9) : 34,
	(34,10) : 12,
	(34,11) : 16,
	(34,12) : 62,
	(34,13) : 88,
	(34,14) : 108,
	(34,15) : 142,
	(34,16) : 167,
	(34,17) : 68,
	(34,18) : 106,
	(34,19) : 141,
	(34,20) : 147,
	(34,21) : 156,
	(34,22) : 152,
	(34,23) : 139,
	(34,24) : 103,
	(34,25) : 79,
	(34,26) : 66,
	(34,27) : 65,
	(34,28) : 82,
	(34,29) : 106,
	(34,30) : 118,
	(34,31) : 109,
	(34,32) : 79,
	(34,33) : 39,
	(34,35) : 26,
	(34,36) : 53,
	(34,37) : 92,
	(34,38) : 72,
	(34,39) : 35,
	(34,40) : 58,
	(34,41) : 110,
	(34,42) : 150,
	(34,43) : 196,
	(34,44) : 198,
	(34,45) : 232,
	(35,1) : 191,
	(35,2) : 181,
	(35,3) : 144,
	(35,4) : 122,
	(35,5) : 97,
	(35,6) : 76,
	(35,7) : 67,
	(35,8) : 53,
	(35,9) : 31,
	(35,10) : 30,
	(35,11) : 41,
	(35,12) : 83,
	(35,13) : 108,
	(35,14) : 124,
	(35,15) : 153,
	(35,16) : 179,
	(35,17) : 92,
	(35,18) : 131,
	(35,19) : 167,
	(35,20) : 173,
	(35,21) : 182,
	(35,22) : 176,
	(35,23) : 162,
	(35,24) : 122,
	(35,25) : 94,
	(35,26) : 76,
	(35,27) : 66,
	(35,28) : 79,
	(35,29) : 106,
	(35,30) : 123,
	(35,31) : 122,
	(35,32) : 96,
	(35,33) : 57,
	(35,34) : 26,
	(35,36) : 35,
	(35,37) : 118,
	(35,38) : 98,
	(35,39) : 60,
	(35,40) : 66,
	(35,41) : 116,
	(35,42) : 155,
	(35,43) : 202,
	(35,44) : 201,
	(35,45) : 236,
	(36,1) : 168,
	(36,2) : 154,
	(36,3) : 118,
	(36,4) : 98,
	(36,5) : 75,
	(36,6) : 54,
	(36,7) : 39,
	(36,8) : 26,
	(36,9) : 27,
	(36,10) : 48,
	(36,11) : 69,
	(36,12) : 115,
	(36,13) : 141,
	(36,14) : 159,
	(36,15) : 188,
	(36,16) : 214,
	(36,17) : 122,
	(36,18) : 157,
	(36,19) : 188,
	(36,20) : 192,
	(36,21) : 194,
	(36,22) : 181,
	(36,23) : 168,
	(36,24) : 119,
	(36,25) : 87,
	(36,26) : 65,
	(36,27) : 46,
	(36,28) : 53,
	(36,29) : 81,
	(36,30) : 101,
	(36,31) : 109,
	(36,32) : 94,
	(36,33) : 63,
	(36,34) : 53,
	(36,35) : 35,
	(36,37) : 142,
	(36,38) : 122,
	(36,39) : 77,
	(36,40) : 56,
	(36,41) : 96,
	(36,42) : 131,
	(36,43) : 178,
	(36,44) : 174,
	(36,45) : 211,
	(37,1) : 206,
	(37,2) : 213,
	(37,3) : 180,
	(37,4) : 161,
	(37,5) : 143,
	(37,6) : 136,
	(37,7) : 144,
	(37,8) : 138,
	(37,9) : 116,
	(37,10) : 94,
	(37,11) : 77,
	(37,12) : 55,
	(37,13) : 59,
	(37,14) : 84,
	(37,15) : 130,
	(37,16) : 146,
	(37,17) : 35,
	(37,18) : 20,
	(37,19) : 51,
	(37,20) : 60,
	(37,21) : 81,
	(37,22) : 98,
	(37,23) : 90,
	(37,24) : 98,
	(37,25) : 104,
	(37,26) : 112,
	(37,27) : 129,
	(37,28) : 145,
	(37,29) : 156,
	(37,30) : 154,
	(37,31) : 127,
	(37,32) : 92,
	(37,33) : 86,
	(37,34) : 92,
	(37,35) : 118,
	(37,36) : 142,
	(37,38) : 19,
	(37,39) : 66,
	(37,40) : 111,
	(37,41) : 147,
	(37,42) : 180,
	(37,43) : 216,
	(37,44) : 228,
	(37,45) : 253,
	(38,1) : 198,
	(38,2) : 202,
	(38,3) : 168,
	(38,4) : 148,
	(38,5) : 128,
	(38,6) : 119,
	(38,7) : 127,
	(38,8) : 119,
	(38,9) : 97,
	(38,10) : 74,
	(38,11) : 57,
	(38,12) : 42,
	(38,13) : 55,
	(38,14) : 82,
	(38,15) : 128,
	(38,16) : 146,
	(38,17) : 24,
	(38,18) : 36,
	(38,19) : 69,
	(38,20) : 77,
	(38,21) : 94,
	(38,22) : 105,
	(38,23) : 95,
	(38,24) : 91,
	(38,25) : 91,
	(38,26) : 96,
	(38,27) : 112,
	(38,28) : 129,
	(38,29) : 142,
	(38,30) : 142,
	(38,31) : 117,
	(38,32) : 81,
	(38,33) : 69,
	(38,34) : 72,
	(38,35) : 98,
	(38,36) : 122,
	(38,37) : 19,
	(38,39) : 48,
	(38,40) : 95,
	(38,41) : 134,
	(38,42) : 170,
	(38,43) : 208,
	(38,44) : 219,
	(38,45) : 245,
	(39,1) : 166,
	(39,2) : 165,
	(39,3) : 129,
	(39,4) : 107,
	(39,5) : 85,
	(39,6) : 73,
	(39,7) : 79,
	(39,8) : 71,
	(39,9) : 50,
	(39,10) : 31,
	(39,11) : 29,
	(39,12) : 61,
	(39,13) : 86,
	(39,14) : 111,
	(39,15) : 152,
	(39,16) : 175,
	(39,17) : 56,
	(39,18) : 84,
	(39,19) : 111,
	(39,20) : 115,
	(39,21) : 121,
	(39,22) : 116,
	(39,23) : 103,
	(39,24) : 72,
	(39,25) : 56,
	(39,26) : 53,
	(39,27) : 64,
	(39,28) : 82,
	(39,29) : 98,
	(39,30) : 103,
	(39,31) : 86,
	(39,32) : 50,
	(39,33) : 21,
	(39,34) : 35,
	(39,35) : 60,
	(39,36) : 77,
	(39,37) : 66,
	(39,38) : 48,
	(39,40) : 48,
	(39,41) : 95,
	(39,42) : 134,
	(39,43) : 177,
	(39,44) : 183,
	(39,45) : 214,
	(40,1) : 127,
	(40,2) : 121,
	(40,3) : 84,
	(40,4) : 61,
	(40,5) : 37,
	(40,6) : 24,
	(40,7) : 35,
	(40,8) : 35,
	(40,9) : 35,
	(40,10) : 45,
	(40,11) : 65,
	(40,12) : 108,
	(40,13) : 134,
	(40,14) : 158,
	(40,15) : 197,
	(40,16) : 221,
	(40,17) : 105,
	(40,18) : 130,
	(40,19) : 149,
	(40,20) : 149,
	(40,21) : 146,
	(40,22) : 128,
	(40,23) : 114,
	(40,24) : 63,
	(40,25) : 31,
	(40,26) : 10,
	(40,27) : 18,
	(40,28) : 34,
	(40,29) : 50,
	(40,30) : 60,
	(40,31) : 56,
	(40,32) : 38,
	(40,33) : 27,
	(40,34) : 58,
	(40,35) : 66,
	(40,36) : 56,
	(40,37) : 111,
	(40,38) : 95,
	(40,39) : 48,
	(40,41) : 52,
	(40,42) : 92,
	(40,43) : 138,
	(40,44) : 140,
	(40,45) : 174,
	(41,1) : 74,
	(41,2) : 70,
	(41,3) : 33,
	(41,4) : 14,
	(41,5) : 21,
	(41,6) : 42,
	(41,7) : 59,
	(41,8) : 70,
	(41,9) : 84,
	(41,10) : 98,
	(41,11) : 117,
	(41,12) : 157,
	(41,13) : 181,
	(41,14) : 207,
	(41,15) : 247,
	(41,16) : 271,
	(41,17) : 150,
	(41,18) : 167,
	(41,19) : 173,
	(41,20) : 168,
	(41,21) : 155,
	(41,22) : 125,
	(41,23) : 114,
	(41,24) : 60,
	(41,25) : 43,
	(41,26) : 44,
	(41,27) : 51,
	(41,28) : 44,
	(41,29) : 22,
	(41,30) : 7,
	(41,31) : 28,
	(41,32) : 54,
	(41,33) : 76,
	(41,34) : 110,
	(41,35) : 116,
	(41,36) : 96,
	(41,37) : 147,
	(41,38) : 134,
	(41,39) : 95,
	(41,40) : 52,
	(41,42) : 39,
	(41,43) : 85,
	(41,44) : 88,
	(41,45) : 121,
	(42,1) : 36,
	(42,2) : 32,
	(42,3) : 16,
	(42,4) : 33,
	(42,5) : 57,
	(42,6) : 78,
	(42,7) : 92,
	(42,8) : 105,
	(42,9) : 123,
	(42,10) : 137,
	(42,11) : 157,
	(42,12) : 195,
	(42,13) : 219,
	(42,14) : 245,
	(42,15) : 286,
	(42,16) : 309,
	(42,17) : 188,
	(42,18) : 201,
	(42,19) : 200,
	(42,20) : 193,
	(42,21) : 175,
	(42,22) : 139,
	(42,23) : 131,
	(42,24) : 85,
	(42,25) : 79,
	(42,26) : 84,
	(42,27) : 89,
	(42,28) : 78,
	(42,29) : 50,
	(42,30) : 32,
	(42,31) : 53,
	(42,32) : 88,
	(42,33) : 115,
	(42,34) : 150,
	(42,35) : 155,
	(42,36) : 131,
	(42,37) : 180,
	(42,38) : 170,
	(42,39) : 134,
	(42,40) : 92,
	(42,41) : 39,
	(42,43) : 47,
	(42,44) : 49,
	(42,45) : 82,
	(43,1) : 11,
	(43,2) : 33,
	(43,3) : 60,
	(43,4) : 80,
	(43,5) : 105,
	(43,6) : 126,
	(43,7) : 139,
	(43,8) : 152,
	(43,9) : 170,
	(43,10) : 183,
	(43,11) : 202,
	(43,12) : 237,
	(43,13) : 260,
	(43,14) : 287,
	(43,15) : 329,
	(43,16) : 351,
	(43,17) : 228,
	(43,18) : 236,
	(43,19) : 227,
	(43,20) : 217,
	(43,21) : 194,
	(43,22) : 155,
	(43,23) : 151,
	(43,24) : 117,
	(43,25) : 121,
	(43,26) : 129,
	(43,27) : 136,
	(43,28) : 125,
	(43,29) : 97,
	(43,30) : 78,
	(43,31) : 91,
	(43,32) : 128,
	(43,33) : 159,
	(43,34) : 196,
	(43,35) : 202,
	(43,36) : 178,
	(43,37) : 216,
	(43,38) : 208,
	(43,39) : 177,
	(43,40) : 138,
	(43,41) : 85,
	(43,42) : 47,
	(43,44) : 24,
	(43,45) : 37,
	(44,1) : 27,
	(44,2) : 20,
	(44,3) : 57,
	(44,4) : 79,
	(44,5) : 104,
	(44,6) : 124,
	(44,7) : 135,
	(44,8) : 149,
	(44,9) : 169,
	(44,10) : 186,
	(44,11) : 206,
	(44,12) : 244,
	(44,13) : 268,
	(44,14) : 294,
	(44,15) : 336,
	(44,16) : 359,
	(44,17) : 237,
	(44,18) : 248,
	(44,19) : 243,
	(44,20) : 235,
	(44,21) : 213,
	(44,22) : 175,
	(44,23) : 170,
	(44,24) : 131,
	(44,25) : 128,
	(44,26) : 132,
	(44,27) : 135,
	(44,28) : 122,
	(44,29) : 94,
	(44,30) : 80,
	(44,31) : 101,
	(44,32) : 137,
	(44,33) : 164,
	(44,34) : 198,
	(44,35) : 201,
	(44,36) : 174,
	(44,37) : 228,
	(44,38) : 219,
	(44,39) : 183,
	(44,40) : 140,
	(44,41) : 88,
	(44,42) : 49,
	(44,43) : 24,
	(44,45) : 37,
	(45,1) : 48,
	(45,2) : 57,
	(45,3) : 93,
	(45,4) : 114,
	(45,5) : 139,
	(45,6) : 160,
	(45,7) : 172,
	(45,8) : 186,
	(45,9) : 205,
	(45,10) : 220,
	(45,11) : 238,
	(45,12) : 275,
	(45,13) : 297,
	(45,14) : 324,
	(45,15) : 367,
	(45,16) : 389,
	(45,17) : 265,
	(45,18) : 273,
	(45,19) : 262,
	(45,20) : 252,
	(45,21) : 227,
	(45,22) : 188,
	(45,23) : 185,
	(45,24) : 155,
	(45,25) : 158,
	(45,26) : 165,
	(45,27) : 170,
	(45,28) : 158,
	(45,29) : 130,
	(45,30) : 114,
	(45,31) : 129,
	(45,32) : 166,
	(45,33) : 196,
	(45,34) : 232,
	(45,35) : 236,
	(45,36) : 211,
	(45,37) : 253,
	(45,38) : 245,
	(45,39) : 214,
	(45,40) : 174,
	(45,41) : 121,
	(45,42) : 82,
	(45,43) : 37,
	(45,44) : 37,
	 }